chr1 10001 10010000 50.7649966528567
chr1 10010001 20010000 48.1097782363523
chr1 20010001 30028085 47.39990043666
chr1 30028086 40028085 46.26863
chr1 40028086 50028085 44.54769
chr1 50028086 60028085 42.24713
chr1 60028086 70028085 39.47665
chr1 70028086 80028085 36.81842
chr1 80028086 90028085 37.59771
chr1 90028086 100028085 38.68618
chr1 100028086 110028085 36.9621648431332
chr1 110028086 120028085 41.8004
chr1 120028086 142535435 41.1992985302539
chr1 142535436 152535435 42.4012540938975
chr1 152535436 162535435 44.2701
chr1 162535436 172535435 39.61733
chr1 172535436 182535435 40.6437
chr1 182535436 192535435 36.54258
chr1 192535436 202535435 38.22653
chr1 202535436 212535435 43.7652117368951
chr1 212535436 222535435 39.06691
chr1 222535436 232535435 43.8492568596699
chr1 232535436 242535435 40.4254017962805
chr1 242535436 249240625 41.1734823857127
chr2 10001 10010000 43.0502168525717
chr2 10010001 20010000 41.0475245992339
chr2 20010001 30010000 43.168294151231
chr2 30010001 40010000 39.9877015072281
chr2 40010001 50010000 41.21001
chr2 50010001 60010000 37.28291
chr2 60010001 70010000 40.63486
chr2 70010001 80010000 40.45915
chr2 80010001 90010000 39.8949103641945
chr2 90010001 100010000 43.2378998510172
chr2 100010001 110010000 41.10657
chr2 110010001 120010000 40.9514348998606
chr2 120010001 130010000 41.84788
chr2 130010001 140010000 40.82239
chr2 140010001 150010000 36.46677451173
chr2 150010001 160010000 37.85574
chr2 160010001 170010000 37.18673
chr2 170010001 180010000 39.89151
chr2 180010001 190010000 36.00735
chr2 190010001 200010000 37.0563
chr2 200010001 210010000 40.1423
chr2 210010001 220010000 39.33941
chr2 220010001 230010000 39.98103
chr2 230010001 240010000 45.211467377553
chr2 240010001 243189375 50.8569893875921
chr3 60001 10060000 39.61002
chr3 10060001 20060000 43.08266
chr3 20060001 30060000 37.95091
chr3 30060001 40060000 40.43012
chr3 40060001 50060000 44.38586
chr3 50060001 60060000 43.74213
chr3 60060001 70060000 39.7618611111111
chr3 70060001 80060000 38.49369
chr3 80060001 90060000 35.15168
chr3 90060001 100060000 36.45867395809
chr3 100060001 110060000 37.08856
chr3 110060001 120060000 38.23816
chr3 120060001 130060000 44.18683
chr3 130060001 140060000 41.08433
chr3 140060001 150060000 38.05518
chr3 150060001 160060000 38.5388
chr3 160060001 170060000 36.14543
chr3 170060001 180060000 37.98121
chr3 180060001 190060000 40.96518
chr3 190060001 197962430 42.062169302957
chr4 10001 10010000 49.3751085386433
chr4 10010001 20010000 39.32967
chr4 20010001 30010000 38.31083
chr4 30010001 40010000 36.9060232963936
chr4 40010001 52660120 38.3217914012781
chr4 52660121 62660120 38.3644782088049
chr4 62660121 72660120 35.84193
chr4 72660121 82660120 38.2599305972218
chr4 82660121 92660120 38.20789
chr4 92660121 102660120 36.65634
chr4 102660121 112660120 37.43419
chr4 112660121 122660120 36.57889
chr4 122660121 132660120 36.71878
chr4 132660121 142660120 36.55834
chr4 142660121 152660120 38.11233
chr4 152660121 162660120 37.72809
chr4 162660121 172660120 36.86063
chr4 172660121 182660120 36.58071
chr4 182660121 191044280 41.177196045877
chr5 10001 10010000 44.00741
chr5 10010001 20010000 39.2497407287735
chr5 20010001 30010000 35.06222
chr5 30010001 40010000 39.54892
chr5 40010001 50010000 37.6881766513024
chr5 50010001 60010000 38.44547
chr5 60010001 70010000 38.86443
chr5 70010001 80010000 40.38657
chr5 80010001 90010000 36.62291
chr5 90010001 100010000 37.0294001359798
chr5 100010001 110010000 36.09424
chr5 110010001 120010000 38.06323
chr5 120010001 130010000 37.69079
chr5 130010001 140010000 43.6295442565104
chr5 140010001 150010000 41.36961
chr5 150010001 160010000 41.3107497433418
chr5 160010001 170010000 38.90098
chr5 170010001 180010000 46.25942
chr5 180010001 180905260 45.5109130308514
chr6 60001 10060000 42.20159
chr6 10060001 20060000 41.41439
chr6 20060001 30060000 40.20334
chr6 30060001 40060000 45.66608
chr6 40060001 50060000 42.1185
chr6 50060001 61880170 38.0003615841886
chr6 61880171 71880170 35.745494600254
chr6 71880171 81880170 37.28168
chr6 81880171 91880170 38.83888
chr6 91880171 101880170 36.1631711354461
chr6 101880171 111880170 38.90963
chr6 111880171 121880170 37.5002675
chr6 121880171 131880170 37.10952
chr6 131880171 141880170 38.64696
chr6 141880171 151880170 39.64669
chr6 151880171 161880170 41.1103210048884
chr6 161880171 171055070 42.8769538976012
chr7 10001 10010000 46.339609879593
chr7 10010001 20010000 36.274
chr7 20010001 30010000 40.44589
chr7 30010001 40010000 40.67913
chr7 40010001 50010000 41.50271
chr7 50010001 61054335 40.8158443945132
chr7 61054336 71054335 42.2483327057829
chr7 71054336 81054335 42.8014508535423
chr7 81054336 91054335 35.96317
chr7 91054336 101054335 41.6342721938331
chr7 101054336 111054335 40.21667
chr7 111054336 121054335 36.57587
chr7 121054336 131054335 39.3430727055188
chr7 131054336 141054335 41.5140861082275
chr7 141054336 151054335 41.0502763956585
chr7 151054336 159128665 45.6959765297044
chrX 60001 10060000 42.2839597472963
chrX 10060001 20060000 40.626936870886
chrX 20060001 30060000 38.08994
chrX 30060001 40060000 38.4627495162063
chrX 40060001 50060000 41.8494627783204
chrX 50060001 61682015 40.8155714247774
chrX 61682016 71682015 40.79719
chrX 71682016 81682015 38.2952353792787
chrX 81682016 91682015 36.11312
chrX 91682016 101682015 37.43805
chrX 101682016 111682015 39.30203
chrX 111682016 121682015 38.9364133825313
chrX 121682016 131682015 38.36462
chrX 131682016 141682015 39.93289
chrX 141682016 151682015 39.0524168237307
chrX 151682016 155260560 46.2600501622479
chr8 10001 10010000 42.428554056003
chr8 10010001 20010000 40.0779471970115
chr8 20010001 30010000 43.2483
chr8 30010001 40010000 39.91386
chr8 40010001 50010000 42.5648495120023
chr8 50010001 60010000 38.93713
chr8 60010001 70010000 38.49591
chr8 70010001 80010000 37.55567
chr8 80010001 90010000 37.1382374932805
chr8 90010001 100010000 39.22087
chr8 100010001 110010000 38.76544
chr8 110010001 120010000 36.24319
chr8 120010001 130010000 40.53464
chr8 130010001 140010000 41.05183
chr8 140010001 146304025 51.5141609009071
chr9 10001 10010000 39.2663
chr9 10010001 20010000 37.9765
chr9 20010001 30010000 36.93706
chr9 30010001 40024800 41.6293050497186
chr9 40024801 65467680 39.804102586336
chr9 65467681 75467680 39.6921128039494
chr9 75467681 85467680 38.66707
chr9 85467681 95467680 42.1087029654329
chr9 95467681 105467680 42.28151
chr9 105467681 115467680 39.74281
chr9 115467681 125467680 42.13355
chr9 125467681 135467680 47.6853401015228
chr9 135467681 141153435 54.2635669420393
chr10 60001 10060000 42.03903
chr10 10060001 20060000 41.3165929648241
chr10 20060001 30060000 40.15569
chr10 30060001 42354940 40.6641227028593
chr10 42354941 52354940 42.9619200150687
chr10 52354941 62354940 36.49801665
chr10 62354941 72354940 39.5864
chr10 72354941 82354940 44.58079
chr10 82354941 92354940 39.4726
chr10 92354941 102354940 41.95316
chr10 102354941 112354940 41.81434
chr10 112354941 122354940 41.860285
chr10 122354941 132354940 44.7111091213172
chr10 132354941 135524750 51.4827714654279
chr11 60001 10060000 45.8381051064798
chr11 10060001 20060000 42.02632
chr11 20060001 30060000 36.98378
chr11 30060001 40060000 39.19557
chr11 40060001 50060000 41.4202
chr11 50060001 60060000 39.1453315294012
chr11 60060001 70060000 49.4847553107296
chr11 70060001 80060000 44.74839
chr11 80060001 90060000 37.6512926375414
chr11 90060001 100060000 37.5296002387816
chr11 100060001 110060000 37.83247
chr11 110060001 120060000 44.15904
chr11 120060001 130060000 42.41985
chr11 130060001 134946520 43.8466638834999
chr12 60001 10060000 44.5046444397531
chr12 10060001 20060000 38.68895
chr12 20060001 30060000 37.7955
chr12 30060001 40060000 39.6409716850202
chr12 40060001 50060000 39.5112
chr12 50060001 60060000 44.32528
chr12 60060001 70060000 38.52697
chr12 70060001 80060000 36.87162
chr12 80060001 90060000 35.79728
chr12 90060001 100060000 39.20445
chr12 100060001 110060000 41.7178994974874
chr12 110060001 120060000 44.97537
chr12 120060001 130060000 45.5924317416477
chr12 130060001 133841895 49.279303213015
chr13 19020001 29020000 41.7649
chr13 29020001 39020000 39.46737
chr13 39020001 49020000 39.88262
chr13 49020001 59020000 37.731
chr13 59020001 69020000 35.27581
chr13 69020001 79020000 36.47225
chr13 79020001 89020000 35.3413983038587
chr13 89020001 99020000 37.60183
chr13 99020001 109020000 38.97171
chr13 109020001 115109880 45.8128254959368
chr14 19000001 29000000 40.16467
chr14 29000001 39000000 38.72394
chr14 39000001 49000000 35.81044
chr14 49000001 59000000 39.95553
chr14 59000001 69000000 40.1454
chr14 69000001 79000000 44.19632
chr14 79000001 89000000 37.44333
chr14 89000001 99000000 44.04282
chr14 99000001 107289540 48.8668128750208
chr15 20000001 30000000 42.1879766860051
chr15 30000001 40000000 40.20798
chr15 40000001 50000000 41.77693
chr15 50000001 60000000 39.90112
chr15 60000001 70000000 43.35294
chr15 70000001 80000000 44.95882
chr15 80000001 90000000 42.9075759557697
chr15 90000001 100000000 41.83291
chr15 100000001 102521395 44.1343779931348
chr16 60001 10060000 48.6530861039768
chr16 10060001 20060000 45.12377
chr16 20060001 30060000 45.06088
chr16 30060001 46385805 44.0393405190502
chr16 46385806 56385805 42.7452
chr16 56385806 66385805 40.08552
chr16 66385806 76385805 44.66857
chr16 76385806 86385805 44.48129
chr16 86385806 90294755 52.8426866859033
chr17 1 10000000 48.2773140013566
chr17 10000001 20000000 44.25597
chr17 20000001 30000000 44.4032894879862
chr17 30000001 40000000 45.5316370695291
chr17 40000001 50000000 46.99628
chr17 50000001 60000000 40.63501
chr17 60000001 70000000 41.769959798995
chr17 70000001 80000000 51.2039381778402
chr17 80000001 81195210 53.5971084579279
chr18 10001 10010000 40.248
chr18 10010001 20010000 42.0299139638305
chr18 20010001 30010000 38.65404
chr18 30010001 40010000 38.33389
chr18 40010001 50010000 41.49694
chr18 50010001 60010000 39.3931703587968
chr18 60010001 70010000 36.67191
chr18 70010001 78017250 42.7657953992884
chr20 60001 10060000 42.39634
chr20 10060001 20060000 40.37074
chr20 20060001 30060000 43.0077350255777
chr20 30060001 40060000 45.824783919598
chr20 40060001 50060000 45.7982
chr20 50060001 60060000 43.75865
chr20 60060001 62965520 55.6852863808264
chrY 10001 10010000 41.0054225323137
chrY 10010001 20010000 39.270763614282
chrY 20010001 58819365 39.3383523416226
chrY 58819366 59363570 40.431446146375
chr19 60001 10060000 52.6136126630175
chr19 10060001 20060000 50.43263
chr19 20060001 30060000 41.5329063993384
chr19 30060001 40060000 46.79478
chr19 40060001 50060000 48.81801
chr19 50060001 59118985 47.8100655316241
chr22 16050001 26050000 47.8528788959595
chr22 26050001 36050000 45.33499
chr22 36050001 46050000 49.37926
chr22 46050001 51244570 50.6971972417547
chr21 9411191 19411190 38.1254045945977
chr21 19411191 29411190 35.85914
chr21 29411191 39411190 41.7572993932485
chr21 39411191 48119895 47.581121346671
