chr1 10001 1010000 47.0313853284942
chr1 1010001 2010000 56.8232
chr1 2010001 3010000 58.2177894736842
chr1 3010001 4010000 56.8967829601002
chr1 4010001 5010000 48.1489
chr1 5010001 6010000 46.9404
chr1 6010001 7010000 51.7532
chr1 7010001 8010000 47.9099
chr1 8010001 9010000 44.5026
chr1 9010001 10010000 50.1582
chr1 10010001 11010000 47.9377
chr1 11010001 12010000 49.9513
chr1 12010001 13010000 46.8556
chr1 13010001 14010000 46.3113610369806
chr1 14010001 15010000 43.1682
chr1 15010001 16010000 48.4048
chr1 16010001 17010000 49.5868
chr1 17010001 18010000 50.7833290351103
chr1 18010001 19010000 49.1254
chr1 19010001 20010000 48.7473
chr1 20010001 21010000 47.3221
chr1 21010001 22010000 46.0188
chr1 22010001 23010000 49.2395
chr1 23010001 24010000 47.2425
chr1 24010001 25010000 46.4495
chr1 25010001 26010000 47.4067
chr1 26010001 27010000 48.7046
chr1 27010001 28010000 49.581
chr1 28010001 29010000 45.2413
chr1 29010001 30028085 46.7007839048947
chr1 30028086 31028085 47.7129
chr1 31028086 32028085 46.9101
chr1 32028086 33028085 48.2533
chr1 33028086 34028085 46.7608
chr1 34028086 35028085 44.4374
chr1 35028086 36028085 43.4644
chr1 36028086 37028085 46.0561
chr1 37028086 38028085 48.029
chr1 38028086 39028085 46.6325
chr1 39028086 40028085 44.4298
chr1 40028086 41028085 44.8316
chr1 41028086 42028085 46.6336
chr1 42028086 43028085 43.1761
chr1 43028086 44028085 45.9365
chr1 44028086 45028085 46.759
chr1 45028086 46028085 45.1239
chr1 46028086 47028085 45.2932
chr1 47028086 48028085 43.7271
chr1 48028086 49028085 44.1005
chr1 49028086 50028085 39.8954
chr1 50028086 51028085 39.4097
chr1 51028086 52028085 39.8849
chr1 52028086 53028085 41.3569
chr1 53028086 54028085 46.5027
chr1 54028086 55028085 47.2264
chr1 55028086 56028085 44.916
chr1 56028086 57028085 40.3529
chr1 57028086 58028085 40.4282
chr1 58028086 59028085 40.8755
chr1 59028086 60028085 41.5181
chr1 60028086 61028085 38.3912
chr1 61028086 62028085 39.8311
chr1 62028086 63028085 41.4875
chr1 63028086 64028085 38.935
chr1 64028086 65028085 41.124
chr1 65028086 66028085 40.7956
chr1 66028086 67028085 37.7468
chr1 67028086 68028085 39.1315
chr1 68028086 69028085 40.2348
chr1 69028086 70028085 37.089
chr1 70028086 71028085 36.5654
chr1 71028086 72028085 37.2221
chr1 72028086 73028085 34.9455
chr1 73028086 74028085 34.9351
chr1 74028086 75028085 35.7711
chr1 75028086 76028085 37.2031
chr1 76028086 77028085 38.5552
chr1 77028086 78028085 38.6494
chr1 78028086 79028085 38.4795
chr1 79028086 80028085 35.8578
chr1 80028086 81028085 35.2309
chr1 81028086 82028085 36.1605
chr1 82028086 83028085 36.7532
chr1 83028086 84028085 36.4778
chr1 84028086 85028085 37.7053
chr1 85028086 86028085 40.0121
chr1 86028086 87028085 37.7624
chr1 87028086 88028085 39.4744
chr1 88028086 89028085 37.6696
chr1 89028086 90028085 38.7309
chr1 90028086 91028085 39.2255
chr1 91028086 92028085 39.3838
chr1 92028086 93028085 40.672
chr1 93028086 94028085 38.7781
chr1 94028086 95028085 42.0473
chr1 95028086 96028085 40.7316
chr1 96028086 97028085 37.2035
chr1 97028086 98028085 36.5599
chr1 98028086 99028085 35.2593
chr1 99028086 100028085 37.0008
chr1 100028086 101028085 38.4908
chr1 101028086 102028085 38.1742
chr1 102028086 103028085 35.1327
chr1 103028086 104028085 34.6947910800469
chr1 104028086 105028085 35.2579
chr1 105028086 106028085 34.4772
chr1 106028086 107028085 34.791
chr1 107028086 108028085 36.6015
chr1 108028086 109028085 39.0859
chr1 109028086 110028085 42.8023
chr1 110028086 111028085 47.0692
chr1 111028086 112028085 40.9933
chr1 112028086 113028085 43.3842
chr1 113028086 114028085 42.6027
chr1 114028086 115028085 40.8703
chr1 115028086 116028085 40.265
chr1 116028086 117028085 41.6517
chr1 117028086 118028085 42.3317
chr1 118028086 119028085 39.2338
chr1 119028086 120028085 39.6021
chr1 120028086 121086700 41.7876650904941
chr1 121086701 142535435 39.9323494006119
chr1 142535436 143535435 40.2738165236695
chr1 143535436 144535435 41.5115427217624
chr1 144535436 145535435 41.9172815613934
chr1 145535436 146535435 42.6834490182468
chr1 146535436 147535435 41.3472
chr1 147535436 148535435 42.1888730160998
chr1 148535436 149535435 41.3001294110035
chr1 149535436 150535435 43.6457
chr1 150535436 151535435 45.1035
chr1 151535436 152535435 42.9387
chr1 152535436 153535435 42.4331
chr1 153535436 154535435 46.8244
chr1 154535436 155535435 48.11
chr1 155535436 156535435 48.3741
chr1 156535436 157535435 46.7169
chr1 157535436 158535435 40.5329
chr1 158535436 159535435 38.2307
chr1 159535436 160535435 44.2233
chr1 160535436 161535435 45.4279
chr1 161535436 162535435 41.8277
chr1 162535436 163535435 38.7768
chr1 163535436 164535435 37.5809
chr1 164535436 165535435 41.971
chr1 165535436 166535435 41.2197
chr1 166535436 167535435 40.8355
chr1 167535436 168535435 41.5178
chr1 168535436 169535435 38.6646
chr1 169535436 170535435 37.9081
chr1 170535436 171535435 38.9366
chr1 171535436 172535435 38.7623
chr1 172535436 173535435 38.9823
chr1 173535436 174535435 38.7203
chr1 174535436 175535435 41.1799
chr1 175535436 176535435 40.3103
chr1 176535436 177535435 40.2935
chr1 177535436 178535435 40.235
chr1 178535436 179535435 40.7543
chr1 179535436 180535435 41.0061
chr1 180535436 181535435 42.8838
chr1 181535436 182535435 42.0715
chr1 182535436 183535435 41.4892
chr1 183535436 184535435 40.2948
chr1 184535436 185535435 39.0908
chr1 185535436 186535435 36.6992
chr1 186535436 187535435 36.2963
chr1 187535436 188535435 34.8262
chr1 188535436 189535435 34.1327
chr1 189535436 190535435 33.6416
chr1 190535436 191535435 34.0926
chr1 191535436 192535435 34.8624
chr1 192535436 193535435 37.2176
chr1 193535436 194535435 35.3435
chr1 194535436 195535435 33.9015
chr1 195535436 196535435 34.5169
chr1 196535436 197535435 35.6459
chr1 197535436 198535435 36.6207
chr1 198535436 199535435 35.6371
chr1 199535436 200535435 40.1397
chr1 200535436 201535435 46.9223
chr1 201535436 202535435 46.3201
chr1 202535436 203535435 46.8267
chr1 203535436 204535435 46.4526
chr1 204535436 205535435 47.7287
chr1 205535436 206535435 44.4606384194512
chr1 206535436 207535435 43.5405
chr1 207535436 208535435 42.8448
chr1 208535436 209535435 40.4211
chr1 209535436 210535435 41.8336
chr1 210535436 211535435 41.4424
chr1 211535436 212535435 42.3097
chr1 212535436 213535435 42.334
chr1 213535436 214535435 41.5202
chr1 214535436 215535435 38.4901
chr1 215535436 216535435 36.5721
chr1 216535436 217535435 37.8692
chr1 217535436 218535435 37.2646
chr1 218535436 219535435 37.9027
chr1 219535436 220535435 39.2571
chr1 220535436 221535435 39.8898
chr1 221535436 222535435 39.5693
chr1 222535436 223535435 41.8603
chr1 223535436 224535435 43.7909537318225
chr1 224535436 225535435 40.4862
chr1 225535436 226535435 44.421
chr1 226535436 227535435 43.8133
chr1 227535436 228535435 48.0209
chr1 228535436 229535435 46.546
chr1 229535436 230535435 44.378
chr1 230535436 231535435 43.5277
chr1 231535436 232535435 41.6453
chr1 232535436 233535435 41.1369
chr1 233535436 234535435 41.0543
chr1 234535436 235535435 43.8959268635428
chr1 235535436 236535435 42.6671
chr1 236535436 237535435 41.6664
chr1 237535436 238535435 38.2228
chr1 238535436 239535435 36.3656
chr1 239535436 240535435 39.2724
chr1 240535436 241535435 39.7139
chr1 241535436 242535435 40.4322
chr1 242535436 243535435 40.1647
chr1 243535436 244535435 40.669
chr1 244535436 245535435 42.7773
chr1 245535436 246535435 42.0114
chr1 246535436 247535435 42.9797
chr1 247535436 248535435 38.6564
chr1 248535436 249240625 40.7815342495362
chr2 10001 1010000 44.0526
chr2 1010001 2010000 46.8021
chr2 2010001 3010000 44.2733
chr2 3010001 4010000 46.7404555765496
chr2 4010001 5010000 38.6396
chr2 5010001 6010000 40.1402214432142
chr2 6010001 7010000 40.0591
chr2 7010001 8010000 41.0737
chr2 8010001 9010000 43.8723
chr2 9010001 10010000 44.7423
chr2 10010001 11010000 48.1381
chr2 11010001 12010000 45.1642
chr2 12010001 13010000 40.9395
chr2 13010001 14010000 35.9023
chr2 14010001 15010000 37.4037
chr2 15010001 16010000 41.4671
chr2 16010001 17010000 43.2572196988437
chr2 17010001 18010000 38.2588
chr2 18010001 19010000 39.3984
chr2 19010001 20010000 40.6564
chr2 20010001 21010000 44.7465
chr2 21010001 22010000 39.7406679965744
chr2 22010001 23010000 36.9522
chr2 23010001 24010000 44.4929
chr2 24010001 25010000 40.5885
chr2 25010001 26010000 46.0328
chr2 26010001 27010000 46.0991
chr2 27010001 28010000 46.6609
chr2 28010001 29010000 42.935
chr2 29010001 30010000 43.3487
chr2 30010001 31010000 42.8264
chr2 31010001 32010000 42.7412800880749
chr2 32010001 33010000 39.6193
chr2 33010001 34010000 40.606106151241
chr2 34010001 35010000 37.8922
chr2 35010001 36010000 35.4071
chr2 36010001 37010000 39.0208
chr2 37010001 38010000 39.8051
chr2 38010001 39010000 42.1914
chr2 39010001 40010000 39.7709
chr2 40010001 41010000 37.4419
chr2 41010001 42010000 36.4678
chr2 42010001 43010000 42.9826
chr2 43010001 44010000 44.4681
chr2 44010001 45010000 39.7322
chr2 45010001 46010000 43.0307
chr2 46010001 47010000 43.2656
chr2 47010001 48010000 46.2573
chr2 48010001 49010000 40.2277
chr2 49010001 50010000 38.2262
chr2 50010001 51010000 36.0447
chr2 51010001 52010000 35.274
chr2 52010001 53010000 35.8903
chr2 53010001 54010000 37.5776
chr2 54010001 55010000 40.6404
chr2 55010001 56010000 39.8883
chr2 56010001 57010000 37.9463
chr2 57010001 58010000 35.5903
chr2 58010001 59010000 36.2169
chr2 59010001 60010000 37.7603
chr2 60010001 61010000 42.2373
chr2 61010001 62010000 41.046
chr2 62010001 63010000 41.8954
chr2 63010001 64010000 37.5162
chr2 64010001 65010000 40.6384
chr2 65010001 66010000 43.7937
chr2 66010001 67010000 39.652
chr2 67010001 68010000 38.1841
chr2 68010001 69010000 39.698
chr2 69010001 70010000 41.6875
chr2 70010001 71010000 43.7497
chr2 71010001 72010000 45.1981
chr2 72010001 73010000 40.6359
chr2 73010001 74010000 44.2388
chr2 74010001 75010000 45.4748
chr2 75010001 76010000 40.6934
chr2 76010001 77010000 36.5896
chr2 77010001 78010000 34.9908
chr2 78010001 79010000 34.9372
chr2 79010001 80010000 38.0832
chr2 80010001 81010000 38.9709
chr2 81010001 82010000 35.7942
chr2 82010001 83010000 35.1129
chr2 83010001 84010000 35.4675
chr2 84010001 85010000 38.4622
chr2 85010001 86010000 46.6566
chr2 86010001 87010000 42.9389
chr2 87010001 88010000 43.8722427776696
chr2 88010001 89010000 41.5598
chr2 89010001 90010000 40.4171536427897
chr2 90010001 91595105 41.3566335470306
chr2 91595106 95326175 41.6414526553363
chr2 95326176 96326175 43.6955
chr2 96326176 97326175 45.7175
chr2 97326176 98326175 44.2434
chr2 98326176 99326175 42.6155
chr2 99326176 100326175 41.7768
chr2 100326176 101326175 42.494
chr2 101326176 102326175 44.2208
chr2 102326176 103326175 40.9703
chr2 103326176 104326175 37.1751
chr2 104326176 105326175 37.5046
chr2 105326176 106326175 42.8466
chr2 106326176 107326175 43.1039
chr2 107326176 108326175 38.8206
chr2 108326176 109326175 39.6991
chr2 109326176 110326175 45.8741499175413
chr2 110326176 111326175 43.5196
chr2 111326176 112326175 43.3768
chr2 112326176 113326175 42.1486
chr2 113326176 114326175 44.0027
chr2 114326176 115326175 40.2525
chr2 115326176 116326175 36.803
chr2 116326176 117326175 36.1477
chr2 117326176 118326175 36.9959
chr2 118326176 119326175 41.0368
chr2 119326176 120326175 44.8431
chr2 120326176 121326175 43.8451
chr2 121326176 122326175 47.7787
chr2 122326176 123326175 42.1959
chr2 123326176 124326175 36.0201
chr2 124326176 125326175 37.8949
chr2 125326176 126326175 37.3054
chr2 126326176 127326175 37.7061
chr2 127326176 128326175 45.372
chr2 128326176 129326175 47.0723
chr2 129326176 130326175 42.3263
chr2 130326176 131326175 45.0201
chr2 131326176 132326175 45.3541
chr2 132326176 133326175 40.2579
chr2 133326176 134326175 39.8056
chr2 134326176 135326175 42.281
chr2 135326176 136326175 40.0976
chr2 136326176 137326175 41.3048
chr2 137326176 138326175 38.1417
chr2 138326176 139326175 37.4654
chr2 139326176 140326175 36.8169
chr2 140326176 141326175 35.4432
chr2 141326176 142326175 34.8428
chr2 142326176 143326175 35.3796
chr2 143326176 144326175 36.2811
chr2 144326176 145326175 37.8777
chr2 145326176 146326175 36.2671
chr2 146326176 147326175 35.3636
chr2 147326176 148326175 37.0866
chr2 148326176 149326175 37.4013
chr2 149326176 150326175 40.3164982416764
chr2 150326176 151326175 37.8225
chr2 151326176 152326175 38.9609
chr2 152326176 153326175 40.0787
chr2 153326176 154326175 38.0502
chr2 154326176 155326175 35.8584
chr2 155326176 156326175 34.912
chr2 156326176 157326175 36.2359
chr2 157326176 158326175 36.8567
chr2 158326176 159326175 38.861
chr2 159326176 160326175 40.7713
chr2 160326176 161326175 38.8496
chr2 161326176 162326175 37.9086
chr2 162326176 163326175 36.4239
chr2 163326176 164326175 35.4372
chr2 164326176 165326175 36.3403
chr2 165326176 166326175 36.4006
chr2 166326176 167326175 36.0813
chr2 167326176 168326175 36.1947
chr2 168326176 169326175 38.9772
chr2 169326176 170326175 39.1922
chr2 170326176 171326175 39.3146
chr2 171326176 172326175 40.593
chr2 172326176 173326175 41.4598
chr2 173326176 174326175 40.6843
chr2 174326176 175326175 40.1581
chr2 175326176 176326175 39.6528
chr2 176326176 177326175 40.0611
chr2 177326176 178326175 39.6197
chr2 178326176 179326175 39.0678
chr2 179326176 180326175 37.8675
chr2 180326176 181326175 36.6793
chr2 181326176 182326175 36.1323
chr2 182326176 183326175 36.9274
chr2 183326176 184326175 37.5424
chr2 184326176 185326175 35.2202
chr2 185326176 186326175 34.2991
chr2 186326176 187326175 35.1682
chr2 187326176 188326175 36.3647
chr2 188326176 189326175 35.9772
chr2 189326176 190326175 35.2864
chr2 190326176 191326175 38.1572
chr2 191326176 192326175 39.1216
chr2 192326176 193326175 37.3324
chr2 193326176 194326175 34.1725
chr2 194326176 195326175 34.2549
chr2 195326176 196326175 35.0698
chr2 196326176 197326175 38.4416
chr2 197326176 198326175 39.567
chr2 198326176 199326175 38.5682
chr2 199326176 200326175 36.5819
chr2 200326176 201326175 39.7537
chr2 201326176 202326175 41.2663
chr2 202326176 203326175 41.8605
chr2 203326176 204326175 39.777
chr2 204326176 205326175 40.6195
chr2 205326176 206326175 37.4137
chr2 206326176 207326175 42.3089
chr2 207326176 208326175 39.7089
chr2 208326176 209326175 41.3093
chr2 209326176 210326175 36.7748
chr2 210326176 211326175 37.0929
chr2 211326176 212326175 36.0106
chr2 212326176 213326175 34.6362
chr2 213326176 214326175 36.2649
chr2 214326176 215326175 35.7908
chr2 215326176 216326175 38.5152
chr2 216326176 217326175 41.1806
chr2 217326176 218326175 43.437
chr2 218326176 219326175 47.3718
chr2 219326176 220326175 47.3874
chr2 220326176 221326175 43.7517
chr2 221326176 222326175 38.4261
chr2 222326176 223326175 39.3354
chr2 223326176 224326175 39.9054
chr2 224326176 225326175 41.4586
chr2 225326176 226326175 38.4514
chr2 226326176 227326175 37.2698
chr2 227326176 228326175 40.1399
chr2 228326176 229326175 39.3346
chr2 229326176 230326175 38.5144
chr2 230326176 231326175 41.1341
chr2 231326176 232326175 44.7236
chr2 232326176 233326175 46.7573
chr2 233326176 234326175 47.0809364161241
chr2 234326176 235326175 42.8891
chr2 235326176 236326175 45.0838
chr2 236326176 237326175 46.8537
chr2 237326176 238326175 44.4013
chr2 238326176 239326175 48.1965
chr2 239326176 240326175 48.7184947500271
chr2 240326176 241326175 49.3493710288665
chr2 241326176 242326175 52.8591
chr2 242326176 243189375 50.1551164835435
chr3 60001 1060000 36.9175
chr3 1060001 2060000 36.567
chr3 2060001 3060000 37.8456
chr3 3060001 4060000 39.418
chr3 4060001 5060000 41.2352
chr3 5060001 6060000 40.397
chr3 6060001 7060000 37.2657
chr3 7060001 8060000 38.2386
chr3 8060001 9060000 42.1182
chr3 9060001 10060000 46.0974
chr3 10060001 11060000 47.9634
chr3 11060001 12060000 44.3663
chr3 12060001 13060000 44.8277
chr3 13060001 14060000 50.1755
chr3 14060001 15060000 47.1029
chr3 15060001 16060000 41.9359
chr3 16060001 17060000 41.3893
chr3 17060001 18060000 38.3046
chr3 18060001 19060000 37.265
chr3 19060001 20060000 37.496
chr3 20060001 21060000 37.6512
chr3 21060001 22060000 36.5087
chr3 22060001 23060000 36.9718
chr3 23060001 24060000 40.0635
chr3 24060001 25060000 38.2712
chr3 25060001 26060000 38.7955
chr3 26060001 27060000 38.1468
chr3 27060001 28060000 39.3229
chr3 28060001 29060000 37.3224
chr3 29060001 30060000 36.4551
chr3 30060001 31060000 38.146
chr3 31060001 32060000 40.3229
chr3 32060001 33060000 43.3849
chr3 33060001 34060000 40.05
chr3 34060001 35060000 38.0036
chr3 35060001 36060000 36.1039
chr3 36060001 37060000 39.7533
chr3 37060001 38060000 42.8108
chr3 38060001 39060000 44.1716
chr3 39060001 40060000 41.5542
chr3 40060001 41060000 41.4817
chr3 41060001 42060000 40.3346
chr3 42060001 43060000 44.7521
chr3 43060001 44060000 42.2656
chr3 44060001 45060000 42.7003
chr3 45060001 46060000 44.5056
chr3 46060001 47060000 45.7694
chr3 47060001 48060000 44.5702
chr3 48060001 49060000 48.3392
chr3 49060001 50060000 49.1399
chr3 50060001 51060000 48.8953
chr3 51060001 52060000 44.6393
chr3 52060001 53060000 48.9674
chr3 53060001 54060000 45.003
chr3 54060001 55060000 42.443
chr3 55060001 56060000 41.3279
chr3 56060001 57060000 40.8816
chr3 57060001 58060000 41.8107
chr3 58060001 59060000 43.3625
chr3 59060001 60060000 40.0906
chr3 60060001 61060000 38.488425
chr3 61060001 62060000 40.2302
chr3 62060001 63060000 40.0903
chr3 63060001 64060000 39.3569
chr3 64060001 65060000 40.6362
chr3 65060001 66060000 40.2782
chr3 66060001 67060000 41.1904444444444
chr3 67060001 68060000 38.7082
chr3 68060001 69060000 38.7648
chr3 69060001 70060000 40.0178
chr3 70060001 71060000 37.6847
chr3 71060001 72060000 41.8578
chr3 72060001 73060000 44.1194
chr3 73060001 74060000 40.5702
chr3 74060001 75060000 37.0178
chr3 75060001 76060000 40.7569
chr3 76060001 77060000 35.6685
chr3 77060001 78060000 36.0263
chr3 78060001 79060000 36.2536
chr3 79060001 80060000 34.9817
chr3 80060001 81060000 34.8285
chr3 81060001 82060000 36.0474
chr3 82060001 83060000 35.1731
chr3 83060001 84060000 33.8923
chr3 84060001 85060000 34.8275
chr3 85060001 86060000 33.928
chr3 86060001 87060000 35.4396
chr3 87060001 88060000 36.134
chr3 88060001 89060000 35.8553
chr3 89060001 90060000 35.3911
chr3 90060001 93504855 36.6584993031516
chr3 93504856 94504855 37.0154
chr3 94504856 95504855 34.5375
chr3 95504856 96504855 34.9613
chr3 96504856 97504855 35.4034
chr3 97504856 98504855 37.6555
chr3 98504856 99504855 37.6043
chr3 99504856 100504855 39.1722
chr3 100504856 101504855 38.7716
chr3 101504856 102504855 37.5647
chr3 102504856 103504855 34.8883
chr3 103504856 104504855 34.8401
chr3 104504856 105504855 35.7292
chr3 105504856 106504855 36.5312
chr3 106504856 107504855 37.6968
chr3 107504856 108504855 38.841
chr3 108504856 109504855 38.8337
chr3 109504856 110504855 35.897
chr3 110504856 111504855 37.6868
chr3 111504856 112504855 38.8826
chr3 112504856 113504855 39.8583
chr3 113504856 114504855 38.7792
chr3 114504856 115504855 36.9834
chr3 115504856 116504855 37.4402
chr3 116504856 117504855 36.9696
chr3 117504856 118504855 36.9356
chr3 118504856 119504855 40.6533
chr3 119504856 120504855 40.2162
chr3 120504856 121504855 37.94
chr3 121504856 122504855 39.9135
chr3 122504856 123504855 45.5147
chr3 123504856 124504855 42.5598
chr3 124504856 125504855 42.968
chr3 125504856 126504855 46.5729
chr3 126504856 127504855 49.287
chr3 127504856 128504855 46.9432
chr3 128504856 129504855 47.929
chr3 129504856 130504855 41.2719
chr3 130504856 131504855 38.9662
chr3 131504856 132504855 38.5403
chr3 132504856 133504855 41.139
chr3 133504856 134504855 43.909
chr3 134504856 135504855 42.7299
chr3 135504856 136504855 40.1824
chr3 136504856 137504855 40.0822
chr3 137504856 138504855 41.6113
chr3 138504856 139504855 43.1448
chr3 139504856 140504855 41.9389
chr3 140504856 141504855 41.8888
chr3 141504856 142504855 39.3947
chr3 142504856 143504855 40.0237
chr3 143504856 144504855 36.5374
chr3 144504856 145504855 34.8837
chr3 145504856 146504855 36.216
chr3 146504856 147504855 35.9295
chr3 147504856 148504855 35.897
chr3 148504856 149504855 39.6604
chr3 149504856 150504855 39.1264
chr3 150504856 151504855 39.0264
chr3 151504856 152504855 36.5241
chr3 152504856 153504855 38.0655
chr3 153504856 154504855 37.1808
chr3 154504856 155504855 38.6297
chr3 155504856 156504855 40.1432
chr3 156504856 157504855 38.8199
chr3 157504856 158504855 37.5482
chr3 158504856 159504855 39.0379
chr3 159504856 160504855 39.924
chr3 160504856 161504855 37.8144
chr3 161504856 162504855 35.5213
chr3 162504856 163504855 34.2422
chr3 163504856 164504855 34.9744
chr3 164504856 165504855 34.5839
chr3 165504856 166504855 34.5676
chr3 166504856 167504855 36.3254
chr3 167504856 168504855 36.564
chr3 168504856 169504855 37.2701
chr3 169504856 170504855 41.0351
chr3 170504856 171504855 39.428
chr3 171504856 172504855 40.0321
chr3 172504856 173504855 36.4025
chr3 173504856 174504855 35.5895
chr3 174504856 175504855 35.1367
chr3 175504856 176504855 36.1735
chr3 176504856 177504855 40.4678
chr3 177504856 178504855 37.2075
chr3 178504856 179504855 39.7655
chr3 179504856 180504855 37.5021
chr3 180504856 181504855 37.8018
chr3 181504856 182504855 38.9229
chr3 182504856 183504855 41.755
chr3 183504856 184504855 48.2905
chr3 184504856 185504855 41.0478
chr3 185504856 186504855 43.3098
chr3 186504856 187504855 42.2906
chr3 187504856 188504855 40.1769
chr3 188504856 189504855 38.383
chr3 189504856 190504855 37.5936
chr3 190504856 191504855 36.9457
chr3 191504856 192504855 37.1518
chr3 192504856 193504855 39.7955
chr3 193504856 194504855 46.0382622158106
chr3 194504856 195504855 45.8118
chr3 195504856 196504855 46.8727
chr3 196504856 197504855 44.0092
chr3 197504856 197962430 42.4061629241108
chr4 10001 1010000 48.236
chr4 1010001 2010000 54.3785104366838
chr4 2010001 3010000 49.1259
chr4 3010001 4010000 51.6997
chr4 4010001 5010000 45.7276
chr4 5010001 6010000 44.9468
chr4 6010001 7010000 49.8476
chr4 7010001 8010000 51.707
chr4 8010001 9010000 52.7983379289606
chr4 9010001 10010000 45.4290414260978
chr4 10010001 11010000 42.632
chr4 11010001 12010000 38.9582
chr4 12010001 13010000 37.2946
chr4 13010001 14010000 39.8459
chr4 14010001 15010000 38.9645
chr4 15010001 16010000 40.1966
chr4 16010001 17010000 40.5959
chr4 17010001 18010000 40.7253
chr4 18010001 19010000 37.6531
chr4 19010001 20010000 36.4306
chr4 20010001 21010000 37.1335
chr4 21010001 22010000 37.5918
chr4 22010001 23010000 38.5241
chr4 23010001 24010000 37.3857
chr4 24010001 25010000 41.7058
chr4 25010001 26010000 43.2212
chr4 26010001 27010000 40.1973
chr4 27010001 28010000 37.4926
chr4 28010001 29010000 35.5292
chr4 29010001 30010000 34.3271
chr4 30010001 31010000 35.4298
chr4 31010001 32010000 35.0824006995389
chr4 32010001 33010000 34.69992605671
chr4 33010001 34010000 34.838
chr4 34010001 35010000 34.2422
chr4 35010001 36010000 35.0175
chr4 36010001 37010000 36.5112
chr4 37010001 38010000 40.1978
chr4 38010001 39010000 42.0216
chr4 39010001 40010000 40.9765
chr4 40010001 41010000 43.0686577171134
chr4 41010001 42010000 40.7113
chr4 42010001 43010000 39.267
chr4 43010001 44010000 35.7861
chr4 44010001 45010000 36.097
chr4 45010001 46010000 35.2916
chr4 46010001 47010000 35.7638
chr4 47010001 48010000 37.3903
chr4 48010001 49010000 39.2709
chr4 49010001 52660120 42.8261482014676
chr4 52660121 53660120 40.4174
chr4 53660121 54660120 40.2298
chr4 54660121 55660120 41.4301
chr4 55660121 56660120 39.5105
chr4 56660121 57660120 40.5517
chr4 57660121 58660120 40.7508
chr4 58660121 59660120 35.7337
chr4 59660121 60660120 34.5550286577439
chr4 60660121 61660120 34.8127
chr4 61660121 62660120 35.4626
chr4 62660121 63660120 35.431
chr4 63660121 64660120 34.5508
chr4 64660121 65660120 34.4887
chr4 65660121 66660120 34.4321
chr4 66660121 67660120 34.8352
chr4 67660121 68660120 37.1051
chr4 68660121 69660120 37.0022
chr4 69660121 70660120 35.4766
chr4 70660121 71660120 36.4208
chr4 71660121 72660120 38.6768
chr4 72660121 73660120 36.5758
chr4 73660121 74660120 37.6685
chr4 74660121 75660120 37.1602288984263
chr4 75660121 76660120 39.3999
chr4 76660121 77660120 40.5686
chr4 77660121 78660120 41.4631
chr4 78660121 79660120 39.3526
chr4 79660121 80660120 36.3983
chr4 80660121 81660120 36.3649
chr4 81660121 82660120 37.62
chr4 82660121 83660120 40.549
chr4 83660121 84660120 40.8704
chr4 84660121 85660120 38.3006
chr4 85660121 86660120 37.0199
chr4 86660121 87660120 37.0289
chr4 87660121 88660120 39.8666
chr4 88660121 89660120 39.996
chr4 89660121 90660120 37.8206
chr4 90660121 91660120 35.539
chr4 91660121 92660120 35.0879
chr4 92660121 93660120 35.1214
chr4 93660121 94660120 34.943
chr4 94660121 95660120 37.5363
chr4 95660121 96660120 37.0727
chr4 96660121 97660120 35.5311
chr4 97660121 98660120 35.5467
chr4 98660121 99660120 37.9559
chr4 99660121 100660120 38.727
chr4 100660121 101660120 37.4722
chr4 101660121 102660120 36.6571
chr4 102660121 103660120 37.528
chr4 103660121 104660120 37.2104
chr4 104660121 105660120 35.423
chr4 105660121 106660120 36.8719
chr4 106660121 107660120 36.7344
chr4 107660121 108660120 36.7406
chr4 108660121 109660120 39.944
chr4 109660121 110660120 38.7336
chr4 110660121 111660120 39.5528
chr4 111660121 112660120 35.6032
chr4 112660121 113660120 38.4903
chr4 113660121 114660120 37.2717
chr4 114660121 115660120 36.4753
chr4 115660121 116660120 34.3549
chr4 116660121 117660120 34.4662
chr4 117660121 118660120 34.4257
chr4 118660121 119660120 37.7361
chr4 119660121 120660120 38.1912
chr4 120660121 121660120 36.3935
chr4 121660121 122660120 37.984
chr4 122660121 123660120 37.5816
chr4 123660121 124660120 38.6401
chr4 124660121 125660120 36.1764
chr4 125660121 126660120 35.5757
chr4 126660121 127660120 34.9528
chr4 127660121 128660120 36.9855
chr4 128660121 129660120 39.7914
chr4 129660121 130660120 37.3992
chr4 130660121 131660120 35.1611
chr4 131660121 132660120 34.924
chr4 132660121 133660120 35.0509
chr4 133660121 134660120 34.6287
chr4 134660121 135660120 34.4597
chr4 135660121 136660120 34.4937
chr4 136660121 137660120 34.3436
chr4 137660121 138660120 35.3629
chr4 138660121 139660120 36.9916
chr4 139660121 140660120 41.6362
chr4 140660121 141660120 40.5153
chr4 141660121 142660120 38.1008
chr4 142660121 143660120 36.616
chr4 143660121 144660120 38.1185
chr4 144660121 145660120 37.3134
chr4 145660121 146660120 38.6799
chr4 146660121 147660120 39.2478
chr4 147660121 148660120 38.2217
chr4 148660121 149660120 39.0059
chr4 149660121 150660120 36.7101
chr4 150660121 151660120 37.1544
chr4 151660121 152660120 40.0556
chr4 152660121 153660120 40.8085
chr4 153660121 154660120 41.5025
chr4 154660121 155660120 38.9106
chr4 155660121 156660120 37.4974
chr4 156660121 157660120 36.2342
chr4 157660121 158660120 35.6593
chr4 158660121 159660120 37.1491
chr4 159660121 160660120 39.2883
chr4 160660121 161660120 35.8703
chr4 161660121 162660120 34.3607
chr4 162660121 163660120 34.473
chr4 163660121 164660120 37.1891
chr4 164660121 165660120 36.111
chr4 165660121 166660120 39.6922
chr4 166660121 167660120 35.4264
chr4 167660121 168660120 35.2666
chr4 168660121 169660120 37.2995
chr4 169660121 170660120 39.3412
chr4 170660121 171660120 38.9331
chr4 171660121 172660120 34.8742
chr4 172660121 173660120 35.7073
chr4 173660121 174660120 39.3548
chr4 174660121 175660120 36.4958
chr4 175660121 176660120 36.0386
chr4 176660121 177660120 36.6069
chr4 177660121 178660120 37.2763
chr4 178660121 179660120 35.1244
chr4 179660121 180660120 35.7421
chr4 180660121 181660120 35.7457
chr4 181660121 182660120 37.7152
chr4 182660121 183660120 38.7142
chr4 183660121 184660120 42.931
chr4 184660121 185660120 43.1227
chr4 185660121 186660120 42.1802
chr4 186660121 187660120 41.8422
chr4 187660121 188660120 39.3635
chr4 188660121 189660120 40.5315
chr4 189660121 190660120 39.5646
chr4 190660121 191044280 44.2167326114119
chr5 10001 1010000 51.889
chr5 1010001 2010000 53.5855
chr5 2010001 3010000 45.077
chr5 3010001 4010000 44.0128
chr5 4010001 5010000 39.9278
chr5 5010001 6010000 42.0219
chr5 6010001 7010000 44.0255
chr5 7010001 8010000 40.5614
chr5 8010001 9010000 38.5651
chr5 9010001 10010000 40.4081
chr5 10010001 11010000 44.1457
chr5 11010001 12010000 38.9583
chr5 12010001 13010000 35.5818
chr5 13010001 14010000 38.1912
chr5 14010001 15010000 43.1678
chr5 15010001 16010000 39.2353
chr5 16010001 17010000 41.9888
chr5 17010001 18010000 40.7288556376019
chr5 18010001 19010000 35.6425
chr5 19010001 20010000 34.9311
chr5 20010001 21010000 35.1469
chr5 21010001 22010000 35.6818
chr5 22010001 23010000 35.3907
chr5 23010001 24010000 35.4345
chr5 24010001 25010000 35.0993
chr5 25010001 26010000 34.8824
chr5 26010001 27010000 34.969
chr5 27010001 28010000 34.4918
chr5 28010001 29010000 34.8742
chr5 29010001 30010000 34.6516
chr5 30010001 31010000 35.671
chr5 31010001 32010000 41.8028
chr5 32010001 33010000 42.0579
chr5 33010001 34010000 39.6931
chr5 34010001 35010000 39.9016
chr5 35010001 36010000 39.2195
chr5 36010001 37010000 38.77
chr5 37010001 38010000 40.1678
chr5 38010001 39010000 40.7249
chr5 39010001 40010000 37.4806
chr5 40010001 41010000 38.4287
chr5 41010001 42010000 37.4888
chr5 42010001 43010000 38.4445
chr5 43010001 44010000 40.2329
chr5 44010001 45010000 36.3647
chr5 45010001 46010000 35.7531
chr5 46010001 49405645 36.584418046253
chr5 49405646 50405645 37.198
chr5 50405646 51405645 35.3819
chr5 51405646 52405645 36.2707
chr5 52405646 53405645 38.6749
chr5 53405646 54405645 40.556
chr5 54405646 55405645 40.1037
chr5 55405646 56405645 41.0531
chr5 56405646 57405645 39.3191
chr5 57405646 58405645 38.2963
chr5 58405646 59405645 37.2173
chr5 59405646 60405645 37.9726
chr5 60405646 61405645 40.4653
chr5 61405646 62405645 39.4402
chr5 62405646 63405645 36.3847
chr5 63405646 64405645 37.4991
chr5 64405646 65405645 37.8142
chr5 65405646 66405645 39.4688
chr5 66405646 67405645 38.8691
chr5 67405646 68405645 40.4532
chr5 68405646 69405645 40.2504
chr5 69405646 70405645 38.6984
chr5 70405646 71405645 39.7178
chr5 71405646 72405645 39.9126
chr5 72405646 73405645 41.3063
chr5 73405646 74405645 40.8582
chr5 74405646 75405645 38.6151
chr5 75405646 76405645 41.9338
chr5 76405646 77405645 39.9601
chr5 77405646 78405645 40.2448
chr5 78405646 79405645 40.6822
chr5 79405646 80405645 40.6025
chr5 80405646 81405645 38.8997
chr5 81405646 82405645 38.5256
chr5 82405646 83405645 36.3823
chr5 83405646 84405645 34.9191
chr5 84405646 85405645 34.295
chr5 85405646 86405645 35.8849
chr5 86405646 87405645 36.4276
chr5 87405646 88405645 37.0126
chr5 88405646 89405645 35.773
chr5 89405646 90405645 37.1159
chr5 90405646 91405645 36.9632
chr5 91405646 92405645 35.0276224861974
chr5 92405646 93405645 37.4943
chr5 93405646 94405645 36.7419
chr5 94405646 95405645 38.4878
chr5 95405646 96405645 38.8138
chr5 96405646 97405645 37.0966
chr5 97405646 98405645 37.4533
chr5 98405646 99405645 35.8349
chr5 99405646 100405645 35.6844
chr5 100405646 101405645 34.8786
chr5 101405646 102405645 36.6118
chr5 102405646 103405645 36.8804
chr5 103405646 104405645 34.6431
chr5 104405646 105405645 34.0538
chr5 105405646 106405645 34.8283
chr5 106405646 107405645 37.6135
chr5 107405646 108405645 37.0712
chr5 108405646 109405645 38.2675
chr5 109405646 110405645 36.8195
chr5 110405646 111405645 37.9671
chr5 111405646 112405645 39.9237
chr5 112405646 113405645 39.4719
chr5 113405646 114405645 38.0436
chr5 114405646 115405645 38.6972
chr5 115405646 116405645 39.0467
chr5 116405646 117405645 35.7136
chr5 117405646 118405645 37.4711
chr5 118405646 119405645 37.8513
chr5 119405646 120405645 35.7446
chr5 120405646 121405645 35.3185
chr5 121405646 122405645 39.0015
chr5 122405646 123405645 37.6946
chr5 123405646 124405645 39.4655
chr5 124405646 125405645 36.7829
chr5 125405646 126405645 40.7194
chr5 126405646 127405645 38.7133
chr5 127405646 128405645 37.1422
chr5 128405646 129405645 36.1118
chr5 129405646 130405645 36.8298
chr5 130405646 131405645 39.9311
chr5 131405646 132405645 44.2907
chr5 132405646 133405645 46.0339
chr5 133405646 134405645 45.3023
chr5 134405646 135405645 45.2481
chr5 135405646 136405645 40.444
chr5 136405646 137405645 41.9999
chr5 137405646 138405645 44.8372
chr5 138405646 139405645 47.6497318435166
chr5 139405646 140405645 42.1712
chr5 140405646 141405645 44.681
chr5 141405646 142405645 44.0426
chr5 142405646 143405645 39.6066
chr5 143405646 144405645 37.2175
chr5 144405646 145405645 38.4431
chr5 145405646 146405645 40.2243
chr5 146405646 147405645 38.8772
chr5 147405646 148405645 38.5288
chr5 148405646 149405645 44.9965
chr5 149405646 150405645 47.0578
chr5 150405646 151405645 44.2587
chr5 151405646 152405645 38.5181
chr5 152405646 153405645 39.9074
chr5 153405646 154405645 44.4089
chr5 154405646 155405645 39.545756601281
chr5 155405646 156405645 38.869
chr5 156405646 157405645 42.8259
chr5 157405646 158405645 40.4616
chr5 158405646 159405645 41.2683
chr5 159405646 160405645 42.502
chr5 160405646 161405645 36.3638
chr5 161405646 162405645 36.3183
chr5 162405646 163405645 37.8691
chr5 163405646 164405645 35.6402
chr5 164405646 165405645 36.0723
chr5 165405646 166405645 37.7902
chr5 166405646 167405645 38.7229
chr5 167405646 168405645 44.696
chr5 168405646 169405645 42.1899
chr5 169405646 170405645 44.3216
chr5 170405646 171405645 42.9657
chr5 171405646 172405645 47.7393
chr5 172405646 173405645 45.0517
chr5 173405646 174405645 43.7951
chr5 174405646 175405645 44.3079
chr5 175405646 176405645 48.1151
chr5 176405646 177405645 47.6873
chr5 177405646 178405645 47.9422
chr5 178405646 179405645 49.7771
chr5 179405646 180405645 46.3183
chr5 180405646 180905260 45.6255316593777
chr6 60001 1060000 43.1198
chr6 1060001 2060000 43.6075
chr6 2060001 3060000 42.6334
chr6 3060001 4060000 45.3754
chr6 4060001 5060000 42.5972
chr6 5060001 6060000 42.7072
chr6 6060001 7060000 42.9453
chr6 7060001 8060000 43.3621
chr6 8060001 9060000 38.4453
chr6 9060001 10060000 37.2227
chr6 10060001 11060000 42.2569
chr6 11060001 12060000 41.351
chr6 12060001 13060000 39.7047
chr6 13060001 14060000 42.3924
chr6 14060001 15060000 43.4938
chr6 15060001 16060000 42.9882
chr6 16060001 17060000 41.9139
chr6 17060001 18060000 41.8074
chr6 18060001 19060000 39.2719
chr6 19060001 20060000 38.9637
chr6 20060001 21060000 39.8471
chr6 21060001 22060000 41.7002
chr6 22060001 23060000 37.497
chr6 23060001 24060000 37.1219
chr6 24060001 25060000 40.9486
chr6 25060001 26060000 39.5761
chr6 26060001 27060000 41.0642
chr6 27060001 28060000 41.1382
chr6 28060001 29060000 40.9835
chr6 29060001 30060000 42.1566
chr6 30060001 31060000 46.023
chr6 31060001 32060000 49.2255
chr6 32060001 33060000 42.4117
chr6 33060001 34060000 50.883
chr6 34060001 35060000 46.5115
chr6 35060001 36060000 45.3592
chr6 36060001 37060000 46.8007
chr6 37060001 38060000 44.7915
chr6 38060001 39060000 41.1092
chr6 39060001 40060000 43.5455
chr6 40060001 41060000 45.6103
chr6 41060001 42060000 47.2793
chr6 42060001 43060000 45.8289
chr6 43060001 44060000 49.1902
chr6 44060001 45060000 43.6774
chr6 45060001 46060000 40.009
chr6 46060001 47060000 39.2711
chr6 47060001 48060000 38.5927
chr6 48060001 49060000 35.5392
chr6 49060001 50060000 36.1869
chr6 50060001 51060000 36.89
chr6 51060001 52060000 38.2485
chr6 52060001 53060000 42.1535
chr6 53060001 54060000 39.6215
chr6 54060001 55060000 36.0104
chr6 55060001 56060000 35.2374
chr6 56060001 57060000 38.1338
chr6 57060001 58060000 37.815
chr6 58060001 61880170 37.8403936255931
chr6 61880171 62880170 35.7461802832617
chr6 62880171 63880170 35.7256
chr6 63880171 64880170 37.8836
chr6 64880171 65880170 34.798
chr6 65880171 66880170 34.5343
chr6 66880171 67880170 34.3509
chr6 67880171 68880170 34.3958
chr6 68880171 69880170 35.1715
chr6 69880171 70880170 36.3672
chr6 70880171 71880170 38.4819
chr6 71880171 72880170 36.9885
chr6 72880171 73880170 36.6833
chr6 73880171 74880170 41.102
chr6 74880171 75880170 36.3887
chr6 75880171 76880170 38.271
chr6 76880171 77880170 36.2079
chr6 77880171 78880170 36.4298
chr6 78880171 79880170 36.5236
chr6 79880171 80880170 38.1634
chr6 80880171 81880170 36.0586
chr6 81880171 82880170 36.668
chr6 82880171 83880170 37.9221
chr6 83880171 84880170 38.0163
chr6 84880171 85880170 38.0766
chr6 85880171 86880170 39.2986
chr6 86880171 87880170 38.671
chr6 87880171 88880170 39.5882
chr6 88880171 89880170 39.1484
chr6 89880171 90880170 42.2695
chr6 90880171 91880170 38.7301
chr6 91880171 92880170 35.7271
chr6 92880171 93880170 35.1917
chr6 93880171 94880170 34.4259
chr6 94880171 95880170 34.6860506702902
chr6 95880171 96880170 35.4921
chr6 96880171 97880170 37.4814
chr6 97880171 98880170 35.3433
chr6 98880171 99880170 38.8593
chr6 99880171 100880170 37.8524
chr6 100880171 101880170 36.3509
chr6 101880171 102880170 34.0357
chr6 102880171 103880170 34.2402
chr6 103880171 104880170 35.757
chr6 104880171 105880170 38.9308
chr6 105880171 106880170 39.942
chr6 106880171 107880170 41.6078
chr6 107880171 108880170 42.134
chr6 108880171 109880170 41.5187
chr6 109880171 110880170 40.4185
chr6 110880171 111880170 40.5116
chr6 111880171 112880170 40.4326
chr6 112880171 113880170 36.3633
chr6 113880171 114880170 38.2893
chr6 114880171 115880170 35.742675
chr6 115880171 116880170 37.3202
chr6 116880171 117880170 37.6874
chr6 117880171 118880170 38.3139
chr6 118880171 119880170 39.14
chr6 119880171 120880170 35.2916
chr6 120880171 121880170 36.4217
chr6 121880171 122880170 36.6276
chr6 122880171 123880170 36.3714
chr6 123880171 124880170 36.0056
chr6 124880171 125880170 38.2346
chr6 125880171 126880170 37.7492
chr6 126880171 127880170 36.8383
chr6 127880171 128880170 35.5609
chr6 128880171 129880170 36.2643
chr6 129880171 130880170 38.4879
chr6 130880171 131880170 38.9554
chr6 131880171 132880170 37.7291
chr6 132880171 133880170 37.7705
chr6 133880171 134880170 39.8667
chr6 134880171 135880170 39.1622
chr6 135880171 136880170 38.6047
chr6 136880171 137880170 39.9916
chr6 137880171 138880170 40.7192
chr6 138880171 139880170 40.8168
chr6 139880171 140880170 36.8339
chr6 140880171 141880170 34.9749
chr6 141880171 142880170 36.43
chr6 142880171 143880170 39.2697
chr6 143880171 144880170 39.9374
chr6 144880171 145880170 37.7172
chr6 145880171 146880170 37.1797
chr6 146880171 147880170 37.1196
chr6 147880171 148880170 40.6042
chr6 148880171 149880170 41.0733
chr6 149880171 150880170 44.1632
chr6 150880171 151880170 42.9726
chr6 151880171 152880170 39.1867
chr6 152880171 153880170 37.193
chr6 153880171 154880170 38.6877
chr6 154880171 155880170 41.195
chr6 155880171 156880170 38.8316
chr6 156880171 157880170 42.4871900711663
chr6 157880171 158880170 44.3079
chr6 158880171 159880170 44.344
chr6 159880171 160880170 43.2685
chr6 160880171 161880170 41.7393
chr6 161880171 162880170 40.2345
chr6 162880171 163880170 40.0422
chr6 163880171 164880170 40.6956
chr6 164880171 165880170 38.1224
chr6 165880171 166880170 42.8374
chr6 166880171 167880170 45.9751
chr6 167880171 168880170 47.4903844978639
chr6 168880171 169880170 44.7668
chr6 169880171 170880170 46.5751406571544
chr6 170880171 171055070 41.7292738707833
chr7 10001 1010000 54.7260803890506
chr7 1010001 2010000 56.3969
chr7 2010001 3010000 53.118
chr7 3010001 4010000 42.3478
chr7 4010001 5010000 48.4232
chr7 5010001 6010000 49.8607
chr7 6010001 7010000 47.9046
chr7 7010001 8010000 38.5837
chr7 8010001 9010000 37.5706
chr7 9010001 10010000 34.8838
chr7 10010001 11010000 36.4152
chr7 11010001 12010000 35.6872
chr7 12010001 13010000 36.835
chr7 13010001 14010000 35.7105
chr7 14010001 15010000 35.2768
chr7 15010001 16010000 35.5629
chr7 16010001 17010000 37.568
chr7 17010001 18010000 37.0393
chr7 18010001 19010000 36.333
chr7 19010001 20010000 36.3121
chr7 20010001 21010000 37.5515
chr7 21010001 22010000 39.0107
chr7 22010001 23010000 40.9584
chr7 23010001 24010000 40.6763
chr7 24010001 25010000 39.969
chr7 25010001 26010000 41.0924
chr7 26010001 27010000 40.9606
chr7 27010001 28010000 42.0011
chr7 28010001 29010000 40.7396
chr7 29010001 30010000 41.4993
chr7 30010001 31010000 43.8883
chr7 31010001 32010000 40.9437
chr7 32010001 33010000 41.1585
chr7 33010001 34010000 39.5196
chr7 34010001 35010000 39.4075
chr7 35010001 36010000 39.8256
chr7 36010001 37010000 42.4633
chr7 37010001 38010000 40.1103
chr7 38010001 39010000 38.9223
chr7 39010001 40010000 40.5522
chr7 40010001 41010000 38.8453
chr7 41010001 42010000 39.873
chr7 42010001 43010000 39.9496
chr7 43010001 44010000 42.1183
chr7 44010001 45010000 48.8125
chr7 45010001 46010000 45.007
chr7 46010001 47010000 39.044
chr7 47010001 48010000 44.9996
chr7 48010001 49010000 39.1341
chr7 49010001 50010000 37.2437
chr7 50010001 51010000 42.0603538523237
chr7 51010001 52010000 42.0455
chr7 52010001 53010000 37.2456
chr7 53010001 54010000 36.3202
chr7 54010001 55010000 37.9835
chr7 55010001 56010000 44.0189
chr7 56010001 57010000 44.3761
chr7 57010001 58010000 42.7042
chr7 58010001 61054335 36.8053676138926
chr7 61054336 62054335 36.6587705153686
chr7 62054336 63054335 40.2436
chr7 63054336 64054335 42.5123
chr7 64054336 65054335 41.2787
chr7 65054336 66054335 43.982
chr7 66054336 67054335 44.8379
chr7 67054336 68054335 43.5039
chr7 68054336 69054335 43.7403
chr7 69054336 70054335 40.3302
chr7 70054336 71054335 44.2778
chr7 71054336 72054335 43.7666
chr7 72054336 73054335 46.7455
chr7 73054336 74054335 51.2337
chr7 74054336 75054335 48.4095873179615
chr7 75054336 76054335 48.7585
chr7 76054336 77054335 41.5448
chr7 77054336 78054335 39.4892
chr7 78054336 79054335 35.9779
chr7 79054336 80054335 35.8419
chr7 80054336 81054335 36.5272
chr7 81054336 82054335 35.1025
chr7 82054336 83054335 35.3238
chr7 83054336 84054335 34.886
chr7 84054336 85054335 34.5625
chr7 85054336 86054335 34.5633
chr7 86054336 87054335 37.4568
chr7 87054336 88054335 37.1988
chr7 88054336 89054335 35.4232
chr7 89054336 90054335 36.6635
chr7 90054336 91054335 38.4513
chr7 91054336 92054335 38.1802
chr7 92054336 93054335 38.2404
chr7 93054336 94054335 36.6026
chr7 94054336 95054335 37.0581
chr7 95054336 96054335 38.6209
chr7 96054336 97054335 39.0527
chr7 97054336 98054335 43.3292
chr7 98054336 99054335 47.3977
chr7 99054336 100054335 46.426
chr7 100054336 101054335 51.950691312151
chr7 101054336 102054335 49.3276
chr7 102054336 103054335 43.3842
chr7 103054336 104054335 38.0137
chr7 104054336 105054335 40.6298
chr7 105054336 106054335 43.2062
chr7 106054336 107054335 39.477
chr7 107054336 108054335 39.3434
chr7 108054336 109054335 37.0719
chr7 109054336 110054335 35.4281
chr7 110054336 111054335 36.2848
chr7 111054336 112054335 38.8856
chr7 112054336 113054335 37.4841
chr7 113054336 114054335 35.8861
chr7 114054336 115054335 35.5514
chr7 115054336 116054335 35.864
chr7 116054336 117054335 39.0953
chr7 117054336 118054335 37.2616
chr7 118054336 119054335 34.4806
chr7 119054336 120054335 34.7025
chr7 120054336 121054335 36.5475
chr7 121054336 122054335 37.1143
chr7 122054336 123054335 36.5821
chr7 123054336 124054335 36.9896
chr7 124054336 125054335 36.0539
chr7 125054336 126054335 34.8688
chr7 126054336 127054335 37.5723
chr7 127054336 128054335 44.1371
chr7 128054336 129054335 44.9306
chr7 129054336 130054335 44.3062
chr7 130054336 131054335 41.0461236326465
chr7 131054336 132054335 44.7838
chr7 132054336 133054335 42.2046
chr7 133054336 134054335 39.0065
chr7 134054336 135054335 41.5749
chr7 135054336 136054335 40.0187
chr7 136054336 137054335 36.7718
chr7 137054336 138054335 40.3466
chr7 138054336 139054335 42.4881
chr7 139054336 140054335 44.7784539566464
chr7 140054336 141054335 43.249
chr7 141054336 142098200 40.7066352069949
chr7 142098201 143098200 43.0501065783864
chr7 143098201 144098200 40.1539112952037
chr7 144098201 145098200 37.5225
chr7 145098201 146098200 35.8861
chr7 146098201 147098200 35.9314
chr7 147098201 148098200 39.4461
chr7 148098201 149098200 44.3338
chr7 149098201 150098200 46.0999
chr7 150098201 151098200 47.9167
chr7 151098201 152098200 44.3298
chr7 152098201 153098200 43.9622
chr7 153098201 154098200 42.2706
chr7 154098201 155098200 44.8735562580208
chr7 155098201 156098200 47.8151
chr7 156098201 157098200 44.0032
chr7 157098201 158098200 50.8306
chr7 158098201 159098200 47.2862
chr7 159098201 159128665 40.0098473658296
chrX 60001 1097560 48.6280596005971
chrX 1097561 2118240 48.5969541573111
chrX 2118241 3118240 45.1109
chrX 3118241 4118240 42.3117
chrX 4118241 5118240 37.4247
chrX 5118241 6118240 38.1699
chrX 6118241 7118240 40.4695
chrX 7118241 8118240 39.3831785095868
chrX 8118241 9118240 39.1595
chrX 9118241 10118240 45.2667
chrX 10118241 11118240 39.7783432718775
chrX 11118241 12118240 39.2175
chrX 12118241 13118240 40.2301
chrX 13118241 14118240 40.8399
chrX 14118241 15118240 37.8936
chrX 15118241 16118240 39.6277
chrX 16118241 17118240 41.3125
chrX 17118241 18118240 41.8957
chrX 18118241 19118240 42.2156
chrX 19118241 20118240 43.0221
chrX 20118241 21118240 38.7395
chrX 21118241 22118240 38.1901
chrX 22118241 23118240 37.8779
chrX 23118241 24118240 41.388
chrX 24118241 25118240 41.2814
chrX 25118241 26118240 37.2877
chrX 26118241 27118240 36.4254
chrX 27118241 28118240 36.5705
chrX 28118241 29118240 36.1706
chrX 29118241 30118240 36.5507
chrX 30118241 31118240 39.6744
chrX 31118241 32118240 37.2691
chrX 32118241 33118240 35.8084
chrX 33118241 34118240 35.6495
chrX 34118241 35118240 36.476
chrX 35118241 36118240 36.4662
chrX 36118241 37148260 37.2343052473151
chrX 37148261 38148260 39.0194
chrX 38148261 39148260 40.2241
chrX 39148261 40148260 47.6907
chrX 40148261 41148260 42.9567
chrX 41148261 42148260 40.7023
chrX 42148261 43148260 38.0355
chrX 43148261 44148260 39.4819
chrX 44148261 45148260 40.9537
chrX 45148261 46148260 38.9718
chrX 46148261 47148260 42.8438
chrX 47148261 48148260 43.6806
chrX 48148261 49148260 48.651
chrX 49148261 50148260 41.6790924545283
chrX 50148261 51148260 39.7979
chrX 51148261 52148260 39.9703
chrX 52148261 53148260 43.5330603523139
chrX 53148261 54148260 43.7649
chrX 54148261 55148260 41.9771
chrX 55148261 56148260 39.3423
chrX 56148261 57148260 39.5194
chrX 57148261 58148260 38.5697
chrX 58148261 61682015 41.0402446053117
chrX 61682016 62682015 37.9612
chrX 62682016 63682015 39.7915
chrX 63682016 64682015 38.5255
chrX 64682016 65682015 40.5481
chrX 65682016 66682015 37.6407
chrX 66682016 67682015 39.1225
chrX 67682016 68682015 46.0511
chrX 68682016 69682015 41.4343
chrX 69682016 70682015 42.5282
chrX 70682016 71682015 44.3688
chrX 71682016 72682015 39.9432
chrX 72682016 73682015 39.897
chrX 73682016 74682015 39.3059
chrX 74682016 75682015 38.8143
chrX 75682016 76703695 39.2090888508107
chrX 76703696 77703695 38.8408
chrX 77703696 78703695 36.8324
chrX 78703696 79703695 37.0195
chrX 79703696 80703695 36.9893
chrX 80703696 81703695 36.1078
chrX 81703696 82703695 36.2162
chrX 82703696 83703695 35.9252
chrX 83703696 84703695 36.6423
chrX 84703696 85703695 37.0059
chrX 85703696 86703695 35.6983
chrX 86703696 87703695 36.1105
chrX 87703696 88703695 35.4164
chrX 88703696 89703695 35.8938
chrX 89703696 90703695 35.9794
chrX 90703696 91703695 36.2141
chrX 91703696 92703695 36.1292
chrX 92703696 93703695 36.2833
chrX 93703696 94703695 35.8427
chrX 94703696 95703695 36.3978
chrX 95703696 96703695 37.3623
chrX 96703696 97703695 37.4831
chrX 97703696 98703695 36.1394
chrX 98703696 99703695 37.269
chrX 99703696 100703695 41.5149
chrX 100703696 101703695 40.0736
chrX 101703696 102703695 40.1675
chrX 102703696 103703695 41.3992
chrX 103703696 104703695 37.9287
chrX 104703696 105703695 37.4256
chrX 105703696 106703695 38.4831
chrX 106703696 107703695 41.967
chrX 107703696 108703695 37.3212
chrX 108703696 109703695 40.2905
chrX 109703696 110703695 39.2478
chrX 110703696 111703695 38.7572
chrX 111703696 112703695 38.4934
chrX 112703696 113703695 36.7646133441403
chrX 113703696 114703695 37.008
chrX 114703696 115732295 39.4592274678112
chrX 115732296 116732295 37.0768
chrX 116732296 117732295 38.9704
chrX 117732296 118732295 42.6321
chrX 118732296 119732295 43.0819
chrX 119732296 120732295 39.2494736842105
chrX 120732296 121732295 36.4741
chrX 121732296 122732295 38.1987
chrX 122732296 123732295 39.9922
chrX 123732296 124732295 36.4688
chrX 124732296 125732295 36.2484
chrX 125732296 126732295 35.7734
chrX 126732296 127732295 35.6266
chrX 127732296 128732295 38.7988
chrX 128732296 129732295 44.6479
chrX 129732296 130732295 39.068
chrX 130732296 131732295 38.8063
chrX 131732296 132732295 41.695
chrX 132732296 133732295 39.943
chrX 133732296 134732295 41.7186
chrX 134732296 135732295 41.4172
chrX 135732296 136732295 40.7619
chrX 136732296 137732295 38.331
chrX 137732296 138732295 38.712
chrX 138732296 139732295 39.6696
chrX 139732296 140732295 39.1894
chrX 140732296 141732295 37.809
chrX 141732296 142732295 37.3382
chrX 142732296 143732295 36.370598049484
chrX 143732296 144732295 37.1491
chrX 144732296 145732295 38.1013
chrX 145732296 146732295 36.8071
chrX 146732296 147732295 38.6727
chrX 147732296 148732295 40.6626
chrX 148732296 149732295 43.6252280530216
chrX 149732296 150732295 41.9904
chrX 150732296 151732295 40.237
chrX 151732296 152732295 46.6449123951979
chrX 152732296 153732295 54.3679
chrX 153732296 154732295 41.8635
chrX 154732296 155260560 39.3236349180809
chr8 10001 1010000 46.0516
chr8 1010001 2010000 48.2426
chr8 2010001 3010000 41.278
chr8 3010001 4010000 38.8739
chr8 4010001 5010000 37.7805
chr8 5010001 6010000 38.2533
chr8 6010001 7010000 43.6944
chr8 7010001 8010000 45.4365240182946
chr8 8010001 9010000 43.0733
chr8 9010001 10010000 41.7518
chr8 10010001 11010000 45.9592
chr8 11010001 12010000 45.2107
chr8 12010001 13010000 43.0500628944058
chr8 13010001 14010000 36.9198
chr8 14010001 15010000 35.2951
chr8 15010001 16010000 37.2229
chr8 16010001 17010000 36.3312
chr8 17010001 18010000 39.7214
chr8 18010001 19010000 39.7429
chr8 19010001 20010000 41.4748
chr8 20010001 21010000 43.7198
chr8 21010001 22010000 46.7674
chr8 22010001 23010000 47.9025
chr8 23010001 24010000 42.9
chr8 24010001 25010000 38.4359
chr8 25010001 26010000 41.5993
chr8 26010001 27010000 41.5664
chr8 27010001 28010000 44.8049
chr8 28010001 29010000 42.2132
chr8 29010001 30010000 42.5736
chr8 30010001 31010000 41.1195
chr8 31010001 32010000 38.0383
chr8 32010001 33010000 38.2222
chr8 33010001 34010000 41.113
chr8 34010001 35010000 37.2333
chr8 35010001 36010000 38.4428
chr8 36010001 37010000 38.7451
chr8 37010001 38010000 45.9204
chr8 38010001 39010000 43.2369
chr8 39010001 40010000 37.0671
chr8 40010001 41010000 41.075
chr8 41010001 42010000 45.2108
chr8 42010001 43010000 44.0067
chr8 43010001 46838890 39.2893750113102
chr8 46838891 47838890 43.9311
chr8 47838891 48838890 41.2185334278147
chr8 48838891 49838890 43.2165
chr8 49838891 50838890 37.1792
chr8 50838891 51838890 35.7636
chr8 51838891 52838890 37.6291
chr8 52838891 53838890 39.6517
chr8 53838891 54838890 40.3986
chr8 54838891 55838890 40.4564
chr8 55838891 56838890 40.38
chr8 56838891 57838890 39.9354
chr8 57838891 58838890 39.4151
chr8 58838891 59838890 38.8295
chr8 59838891 60838890 36.5451
chr8 60838891 61838890 39.8719
chr8 61838891 62838890 39.7758
chr8 62838891 63838890 37.1716
chr8 63838891 64838890 38.281
chr8 64838891 65838890 36.9683
chr8 65838891 66838890 38.9357
chr8 66838891 67838890 41.0028
chr8 67838891 68838890 39.5401
chr8 68838891 69838890 37.0485
chr8 69838891 70838890 39.0897
chr8 70838891 71838890 39.7385
chr8 71838891 72838890 38.2231
chr8 72838891 73838890 38.3639
chr8 73838891 74838890 40.3679
chr8 74838891 75838890 38.9623
chr8 75838891 76838890 35.6966
chr8 76838891 77838890 35.2724
chr8 77838891 78838890 34.7102
chr8 78838891 79838890 35.3305
chr8 79838891 80838890 37.9905
chr8 80838891 81838890 40.8998
chr8 81838891 82838890 38.6001
chr8 82838891 83838890 34.6851
chr8 83838891 84838890 35.1827
chr8 84838891 85838890 35.2911
chr8 85838891 86838890 39.607208192893
chr8 86838891 87838890 38.0203
chr8 87838891 88838890 35.7773
chr8 88838891 89838890 35.8067
chr8 89838891 90838890 36.3574
chr8 90838891 91838890 37.7763
chr8 91838891 92838890 36.8088
chr8 92838891 93838890 37.5258
chr8 93838891 94838890 38.1796
chr8 94838891 95838890 41.1496
chr8 95838891 96838890 40.7722
chr8 96838891 97838890 40.4535
chr8 97838891 98838890 41.0026
chr8 98838891 99838890 41.0813
chr8 99838891 100838890 37.1431
chr8 100838891 101838890 41.1469
chr8 101838891 102838890 42.6754
chr8 102838891 103838890 42.3216
chr8 103838891 104838890 39.4806
chr8 104838891 105838890 37.5929
chr8 105838891 106838890 36.3394
chr8 106838891 107838890 37.0663
chr8 107838891 108838890 37.2619
chr8 108838891 109838890 37.3843
chr8 109838891 110838890 37.0563
chr8 110838891 111838890 34.7669
chr8 111838891 112838890 34.4712
chr8 112838891 113838890 34.671
chr8 113838891 114838890 34.0433
chr8 114838891 115838890 34.3851
chr8 115838891 116838890 35.9961
chr8 116838891 117838890 38.3476
chr8 117838891 118838890 38.628
chr8 118838891 119838890 39.9368
chr8 119838891 120838890 38.5185
chr8 120838891 121838890 39.6964
chr8 121838891 122838890 37.9297
chr8 122838891 123838890 39.2314
chr8 123838891 124838890 43.2178
chr8 124838891 125838890 42.1964
chr8 125838891 126838890 42.7635
chr8 126838891 127838890 39.312
chr8 127838891 128838890 40.8576
chr8 128838891 129838890 41.4501
chr8 129838891 130838890 38.8541
chr8 130838891 131838890 42.5082
chr8 131838891 132838890 38.7926
chr8 132838891 133838890 40.9872
chr8 133838891 134838890 45.9413
chr8 134838891 135838890 41.9527
chr8 135838891 136838890 42.0814
chr8 136838891 137838890 38.2645
chr8 137838891 138838890 37.2887
chr8 138838891 139838890 42.6261
chr8 139838891 140838890 45.2829
chr8 140838891 141838890 46.2761
chr8 141838891 142838890 51.6670526315789
chr8 142838891 143838890 54.9572
chr8 143838891 144838890 54.5158
chr8 144838891 145838890 57.6746240298665
chr8 145838891 146304025 47.9763939501435
chr9 10001 1010000 42.4615
chr9 1010001 2010000 39.6479
chr9 2010001 3010000 40.2007
chr9 3010001 4010000 37.7348
chr9 4010001 5010000 40.7726
chr9 5010001 6010000 38.8169
chr9 6010001 7010000 41.1427
chr9 7010001 8010000 39.4426
chr9 8010001 9010000 37.3826
chr9 9010001 10010000 35.0607
chr9 10010001 11010000 35.1542
chr9 11010001 12010000 34.891
chr9 12010001 13010000 35.5932
chr9 13010001 14010000 37.6065
chr9 14010001 15010000 38.7312
chr9 15010001 16010000 38.7609
chr9 16010001 17010000 41.2681
chr9 17010001 18010000 38.073
chr9 18010001 19010000 39.0535
chr9 19010001 20010000 40.6334
chr9 20010001 21010000 37.9274
chr9 21010001 22010000 38.277
chr9 22010001 23010000 36.6447
chr9 23010001 24010000 37.1614
chr9 24010001 25010000 35.7507
chr9 25010001 26010000 35.5065
chr9 26010001 27010000 37.4982
chr9 27010001 28010000 39.5313
chr9 28010001 29010000 35.9571
chr9 29010001 30010000 35.1163
chr9 30010001 31010000 34.6212
chr9 31010001 32010000 35.7735
chr9 32010001 33010000 39.8876
chr9 33010001 34010000 43.8069
chr9 34010001 35010000 46.0006
chr9 35010001 36010000 44.7247
chr9 36010001 37010000 44.8232
chr9 37010001 38010000 43.1857
chr9 38010001 39010000 43.8817
chr9 39010001 40024800 39.3978531061095
chr9 40024801 41024800 39.5729487126698
chr9 41024801 42024800 40.1885995711159
chr9 42024801 43024800 37.9832631578947
chr9 43024801 44024800 39.7078169668592
chr9 44024801 45024800 41.5531399651115
chr9 45024801 46024800 38.9764138068964
chr9 46024801 47024800 40.3496744136799
chr9 47024801 65467680 41.5031442791228
chr9 65467681 66467680 40.0348527361604
chr9 66467681 67516300 39.2816943038926
chr9 67516301 68664185 39.6445804020545
chr9 68664186 69664185 39.1310366810207
chr9 69664186 70664185 38.5108829889626
chr9 70664186 71664185 40.6296815017694
chr9 71664186 72664185 41.1214
chr9 72664186 73664185 39.5679
chr9 73664186 74664185 38.5735
chr9 74664186 75664185 39.4431
chr9 75664186 76664185 35.1796
chr9 76664186 77664185 37.8578
chr9 77664186 78664185 39.2601
chr9 78664186 79664185 41.4
chr9 79664186 80664185 39.4062
chr9 80664186 81664185 39.5675
chr9 81664186 82664185 38.8584
chr9 82664186 83664185 36.7404
chr9 83664186 84664185 40.3366
chr9 84664186 85664185 38.6378
chr9 85664186 86664185 40.334
chr9 86664186 87664185 41.2396
chr9 87664186 88664185 39.9472
chr9 88664186 89664185 41.2878
chr9 89664186 90664185 43.2995
chr9 90664186 91664185 43.4148
chr9 91664186 92678800 46.1045283635769
chr9 92678801 93678800 41.5281
chr9 93678801 94678800 43.0577
chr9 94678801 95678800 43.0577
chr9 95678801 96678800 47.6049
chr9 96678801 97678800 43.1485
chr9 97678801 98678800 43.4811
chr9 98678801 99678800 43.0366
chr9 99678801 100678800 42.964
chr9 100678801 101678800 45.967
chr9 101678801 102678800 41.7344
chr9 102678801 103678800 39.0054
chr9 103678801 104678800 38.3165
chr9 104678801 105678800 35.3092
chr9 105678801 106678800 35.0478
chr9 106678801 107678800 37.8653
chr9 107678801 108678800 40.3276
chr9 108678801 109678800 38.7102
chr9 109678801 110678800 43.1455
chr9 110678801 111678800 40.9996
chr9 111678801 112678800 42.3945
chr9 112678801 113678800 39.7302
chr9 113678801 114678800 39.5992
chr9 114678801 115678800 41.5676
chr9 115678801 116678800 44.7901
chr9 116678801 117678800 46.9297
chr9 117678801 118678800 39.134
chr9 118678801 119678800 41.0569
chr9 119678801 120678800 40.4013
chr9 120678801 121678800 37.2603
chr9 121678801 122678800 39.7518
chr9 122678801 123678800 43.3045
chr9 123678801 124678800 45.4152
chr9 124678801 125678800 42.8059
chr9 125678801 126678800 42.21
chr9 126678801 127678800 47.3761
chr9 127678801 128678800 42.045
chr9 128678801 129678800 47.41
chr9 129678801 130678800 48.8213
chr9 130678801 131678800 51.4784
chr9 131678801 132678800 52.3439
chr9 132678801 133678800 49.3022352941176
chr9 133678801 134678800 49.9085
chr9 134678801 135678800 46.9516
chr9 135678801 136678800 52.8566
chr9 136678801 137678800 55.5742511881516
chr9 137678801 138678800 53.5669
chr9 138678801 139678800 57.1006642070305
chr9 139678801 140678800 56.7717
chr9 140678801 141153435 49.1019414918832
chr10 60001 1060000 45.6719
chr10 1060001 2060000 45.5365
chr10 2060001 3060000 40.519
chr10 3060001 4060000 44.2435
chr10 4060001 5060000 38.8283
chr10 5060001 6060000 43.6948
chr10 6060001 7060000 43.3899
chr10 7060001 8060000 42.4293
chr10 8060001 9060000 39.8295
chr10 9060001 10060000 36.2476
chr10 10060001 11060000 39.1779
chr10 11060001 12060000 43.7433
chr10 12060001 13060000 45.1752
chr10 13060001 14060000 44.3032
chr10 14060001 15060000 42.6869
chr10 15060001 16060000 41.321
chr10 16060001 17060000 40.3053
chr10 17060001 18060000 39.9728421052632
chr10 18060001 19060000 40.0311
chr10 19060001 20060000 36.382
chr10 20060001 21060000 37.9648
chr10 21060001 22060000 41.1525
chr10 22060001 23060000 39.676
chr10 23060001 24060000 40.4518
chr10 24060001 25060000 40.6368
chr10 25060001 26060000 39.1676
chr10 26060001 27060000 39.9095
chr10 27060001 28060000 39.8414
chr10 28060001 29060000 40.0805
chr10 29060001 30060000 42.676
chr10 30060001 31060000 43.6588
chr10 31060001 32060000 40.3259
chr10 32060001 33060000 39.5655
chr10 33060001 34060000 40.6813
chr10 34060001 35060000 40.5841
chr10 35060001 36060000 43.0688
chr10 36060001 37060000 38.9825
chr10 37060001 38060000 39.13805
chr10 38060001 39060000 40.2047368421053
chr10 39060001 42354940 37.9724036233411
chr10 42354941 43354940 39.9431755622339
chr10 43354941 44354940 46.9512
chr10 44354941 45354940 42.8349
chr10 45354941 46354940 42.3617
chr10 46354941 47354940 42.3126457229172
chr10 47354941 48354940 43.5990833516663
chr10 48354941 49354940 43.054677474014
chr10 49354941 50354940 44.5803
chr10 50354941 51354940 43.2903157894737
chr10 51354941 52354940 40.5733684210526
chr10 52354941 53354940 37.6938
chr10 53354941 54354940 36.6551
chr10 54354941 55354940 36.6565665
chr10 55354941 56354940 35.1529
chr10 56354941 57354940 34.2637
chr10 57354941 58354940 34.78
chr10 58354941 59354940 35.0912
chr10 59354941 60354940 37.388
chr10 60354941 61354940 38.3272
chr10 61354941 62354940 38.9717
chr10 62354941 63354940 37.7942
chr10 63354941 64354940 38.5992
chr10 64354941 65354940 40.1422
chr10 65354941 66354940 38.7101
chr10 66354941 67354940 35.2175
chr10 67354941 68354940 35.4997
chr10 68354941 69354940 36.3348
chr10 69354941 70354940 40.9864
chr10 70354941 71354940 44.7264
chr10 71354941 72354940 47.8535
chr10 72354941 73354940 49.4175
chr10 73354941 74354940 47.3614
chr10 74354941 75354940 40.1971
chr10 75354941 76354940 41.9425
chr10 76354941 77354940 43.452
chr10 77354941 78354940 40.7623
chr10 78354941 79354940 42.2491
chr10 79354941 80354940 46.8152
chr10 80354941 81354940 49.8908
chr10 81354941 82354940 43.72
chr10 82354941 83354940 37.7545
chr10 83354941 84354940 37.3795
chr10 84354941 85354940 37.0558
chr10 85354941 86354940 40.8123
chr10 86354941 87354940 39.2276
chr10 87354941 88354940 44.7939
chr10 88354941 89354940 42.6447
chr10 89354941 90354940 38.3517
chr10 90354941 91354940 38.8256
chr10 91354941 92354940 37.8804
chr10 92354941 93354940 39.7404
chr10 93354941 94354940 40.5769
chr10 94354941 95354940 42.2298
chr10 95354941 96354940 40.5094
chr10 96354941 97354940 40.7208
chr10 97354941 98354940 41.0049
chr10 98354941 99354940 46.0159
chr10 99354941 100354940 45.6879
chr10 100354941 101354940 39.733
chr10 101354941 102354940 43.3126
chr10 102354941 103354940 47.4433
chr10 103354941 104354940 46.4843
chr10 104354941 105354940 45.8341
chr10 105354941 106354940 44.5062
chr10 106354941 107354940 40.047
chr10 107354941 108354940 37.5115
chr10 108354941 109354940 38.959
chr10 109354941 110354940 37.0275
chr10 110354941 111354940 38.2076
chr10 111354941 112354940 42.1229
chr10 112354941 113354940 40.9147
chr10 113354941 114354940 40.5113
chr10 114354941 115354940 43.6056
chr10 115354941 116354940 42.53015
chr10 116354941 117354940 37.7934
chr10 117354941 118354940 39.404
chr10 118354941 119354940 44.129
chr10 119354941 120354940 41.0055
chr10 120354941 121354940 46.5076
chr10 121354941 122354940 42.2016
chr10 122354941 123354940 42.5632
chr10 123354941 124354940 44.9685
chr10 124354941 125354940 43.9848
chr10 125354941 126354940 48.8506023652507
chr10 126354941 127354940 44.8993
chr10 127354941 128354940 42.9159
chr10 128354941 129354940 44.2402103517038
chr10 129354941 130354940 44.5542
chr10 130354941 131354940 43.6996
chr10 131354941 132354940 46.5711
chr10 132354941 133354940 47.4123
chr10 133354941 134354940 52.5143515072055
chr10 134354941 135354940 55.2645
chr10 135354941 135524750 47.715682233084
chr11 60001 1060000 55.1152
chr11 1060001 2060000 56.7239909263635
chr11 2060001 3060000 52.9164
chr11 3060001 4060000 46.8001
chr11 4060001 5060000 39.8967
chr11 5060001 6060000 38.3763
chr11 6060001 7060000 41.9652
chr11 7060001 8060000 40.6018
chr11 8060001 9060000 44.4847
chr11 9060001 10060000 42.0449
chr11 10060001 11060000 41.7932
chr11 11060001 12060000 43.1596
chr11 12060001 13060000 43.4329
chr11 13060001 14060000 40.8411
chr11 14060001 15060000 39.8024
chr11 15060001 16060000 41.4876
chr11 16060001 17060000 38.8521
chr11 17060001 18060000 44.9481
chr11 18060001 19060000 42.3296
chr11 19060001 20060000 43.6166
chr11 20060001 21060000 40.6296
chr11 21060001 22060000 37.0657
chr11 22060001 23060000 36.5014
chr11 23060001 24060000 35.8524
chr11 24060001 25060000 35.2213
chr11 25060001 26060000 35.2193
chr11 26060001 27060000 36.5788
chr11 27060001 28060000 39.4104
chr11 28060001 29060000 36.5819
chr11 29060001 30060000 36.777
chr11 30060001 31060000 38.276
chr11 31060001 32060000 37.9066
chr11 32060001 33060000 41.1227
chr11 33060001 34060000 42.0152
chr11 34060001 35060000 42.3339
chr11 35060001 36060000 42.0092
chr11 36060001 37060000 41.0842
chr11 37060001 38060000 35.4955
chr11 38060001 39060000 35.1965
chr11 39060001 40060000 36.5159
chr11 40060001 41060000 36.6873
chr11 41060001 42060000 36.842
chr11 42060001 43060000 37.7522
chr11 43060001 44060000 40.8175
chr11 44060001 45060000 47.7323
chr11 45060001 46060000 47.1666
chr11 46060001 47060000 44.7889
chr11 47060001 48060000 46.7365
chr11 48060001 49060000 39.0173
chr11 49060001 50060000 36.6614
chr11 50060001 51090855 38.2501678501368
chr11 51090856 54694210 37.4811018068759
chr11 54694211 55694210 36.7607
chr11 55694211 56694210 36.2363
chr11 56694211 57694210 44.8496
chr11 57694211 58694210 38.6761
chr11 58694211 59694210 40.9522
chr11 59694211 60694210 40.9772
chr11 60694211 61694210 51.6662
chr11 61694211 62694210 47.7715
chr11 62694211 63694210 43.6227
chr11 63694211 64694210 54.5889
chr11 64694211 65694210 51.5634
chr11 65694211 66694210 49.6778
chr11 66694211 67694210 50.0933
chr11 67694211 68694210 48.5074
chr11 68694211 69694210 51.7638591375835
chr11 69694211 70694210 51.0907368421053
chr11 70694211 71694210 47.4449
chr11 71694211 72694210 47.2399
chr11 72694211 73694210 44.9097
chr11 73694211 74694210 41.7631
chr11 74694211 75694210 46.6499
chr11 75694211 76694210 44.9012
chr11 76694211 77694210 43.025
chr11 77694211 78694210 43.3298
chr11 78694211 79694210 42.0431
chr11 79694211 80694210 37.3804
chr11 80694211 81694210 35.6756
chr11 81694211 82694210 37.7984
chr11 82694211 83694210 39.2046
chr11 83694211 84694210 36.5627
chr11 84694211 85694210 38.1142
chr11 85694211 86694210 40.8669
chr11 86694211 87738380 37.9662031332512
chr11 87738381 88738380 36.9488
chr11 88738381 89738380 36.3701
chr11 89738381 90738380 35.7869
chr11 90738381 91738380 36.108
chr11 91738381 92738380 39.6405
chr11 92738381 93738380 40.0644
chr11 93738381 94738380 40.783
chr11 94738381 95738380 39.0753
chr11 95738381 96738380 38.409832883336
chr11 96738381 97738380 35.8194
chr11 97738381 98738380 35.4886
chr11 98738381 99738380 34.708
chr11 99738381 100738380 37.2783
chr11 100738381 101738380 37.721
chr11 101738381 102738380 39.4661
chr11 102738381 103738380 37.2726
chr11 103738381 104738380 36.1273
chr11 104738381 105738380 35.7784
chr11 105738381 106738380 36.8481
chr11 106738381 107738380 38.4134
chr11 107738381 108738380 39.829
chr11 108738381 109738380 38.4775
chr11 109738381 110738380 39.3484
chr11 110738381 111738380 41.0243
chr11 111738381 112738380 42.701
chr11 112738381 113738380 43.063
chr11 113738381 114738380 42.494
chr11 114738381 115738380 41.9748
chr11 115738381 116738380 45.6478
chr11 116738381 117738380 46.8695
chr11 117738381 118738380 45.6862
chr11 118738381 119738380 49.8024
chr11 119738381 120738380 46.5925
chr11 120738381 121738380 42.2186
chr11 121738381 122738380 40.8743
chr11 122738381 123738380 43.429
chr11 123738381 124738380 39.2128
chr11 124738381 125738380 43.9583
chr11 125738381 126738380 46.7936
chr11 126738381 127738380 39.8845
chr11 127738381 128738380 41.0729
chr11 128738381 129738380 41.3626
chr11 129738381 130738380 44.3695
chr11 130738381 131738380 42.8159
chr11 131738381 132738380 41.7314
chr11 132738381 133738380 42.7939
chr11 133738381 134738380 47.5571
chr11 134738381 134946520 44.8813298741232
chr12 60001 1060000 45.5290498471061
chr12 1060001 2060000 42.8249
chr12 2060001 3060000 46.8217
chr12 3060001 4060000 47.3648
chr12 4060001 5060000 42.7624
chr12 5060001 6060000 44.1247
chr12 6060001 7060000 49.42995
chr12 7060001 8060000 42.6586702175252
chr12 8060001 9060000 43.3752
chr12 9060001 10060000 40.114
chr12 10060001 11060000 37.7799
chr12 11060001 12060000 39.779
chr12 12060001 13060000 42.473
chr12 13060001 14060000 41.7889
chr12 14060001 15060000 39.7798
chr12 15060001 16060000 37.4443
chr12 16060001 17060000 37.0507
chr12 17060001 18060000 35.5735
chr12 18060001 19060000 35.9721
chr12 19060001 20060000 39.2483
chr12 20060001 21060000 36.6568
chr12 21060001 22060000 36.6206
chr12 22060001 23060000 37.548
chr12 23060001 24060000 36.4228
chr12 24060001 25060000 37.2636
chr12 25060001 26060000 39.1283
chr12 26060001 27060000 39.2737
chr12 27060001 28060000 39.5985
chr12 28060001 29060000 36.8767
chr12 29060001 30060000 38.566
chr12 30060001 31060000 39.5543
chr12 31060001 32060000 43.4493
chr12 32060001 33060000 41.3412
chr12 33060001 34060000 37.0822
chr12 34060001 37856695 42.196058742312
chr12 37856696 38856695 38.2323
chr12 38856696 39856695 36.8505
chr12 39856696 40856695 36.4087
chr12 40856696 41856695 36.392
chr12 41856696 42856695 38.7938
chr12 42856696 43856695 38.2348
chr12 43856696 44856695 37.2991
chr12 44856696 45856695 37.8489
chr12 45856696 46856695 38.6413
chr12 46856696 47856695 39.1873
chr12 47856696 48856695 43.6269
chr12 48856696 49856695 46.4185
chr12 49856696 50856695 46.3559
chr12 50856696 51856695 43.4652
chr12 51856696 52856695 47.5921
chr12 52856696 53856695 48.612
chr12 53856696 54856695 46.9981
chr12 54856696 55856695 39.0504
chr12 55856696 56856695 46.1758
chr12 56856696 57856695 46.699
chr12 57856696 58856695 43.3588
chr12 58856696 59856695 37.0739
chr12 59856696 60856695 35.5147
chr12 60856696 61856695 35.1408
chr12 61856696 62856695 36.7423
chr12 62856696 63856695 39.4257
chr12 63856696 64856695 39.2143
chr12 64856696 65856695 39.813
chr12 65856696 66856695 39.9734
chr12 66856696 67856695 38.4068
chr12 67856696 68856695 39.9108
chr12 68856696 69856695 40.4775
chr12 69856696 70856695 38.7286
chr12 70856696 71856695 37.779
chr12 71856696 72856695 37.782
chr12 72856696 73856695 35.5452
chr12 73856696 74856695 35.0248
chr12 74856696 75856695 35.0546
chr12 75856696 76856695 39.1858
chr12 76856696 77856695 38.5343
chr12 77856696 78856695 35.6592
chr12 78856696 79856695 35.5295
chr12 79856696 80856695 37.558
chr12 80856696 81856695 35.3546
chr12 81856696 82856695 35.557
chr12 82856696 83856695 36.9553
chr12 83856696 84856695 35.3421
chr12 84856696 85856695 34.2647
chr12 85856696 86856695 34.9751
chr12 86856696 87856695 34.6234
chr12 87856696 88856695 35.9047
chr12 88856696 89856695 37.5973
chr12 89856696 90856695 37.185
chr12 90856696 91856695 35.3785
chr12 91856696 92856695 37.9603
chr12 92856696 93856695 40.3812
chr12 93856696 94856695 41.2638
chr12 94856696 95856695 41.7424
chr12 95856696 96856695 41.54
chr12 96856696 97856695 38.5367
chr12 97856696 98856695 39.1814
chr12 98856696 99856695 39.3391
chr12 99856696 100856695 38.6323
chr12 100856696 101856695 39.5322
chr12 101856696 102856695 39.272
chr12 102856696 103856695 39.3238
chr12 103856696 104856695 42.2325
chr12 104856696 105856695 41.7713
chr12 105856696 106856695 42.115
chr12 106856696 107856695 41.7356
chr12 107856696 108856695 44.4155
chr12 108856696 109856695 45.8284210526316
chr12 109856696 110856695 47.0026
chr12 110856696 111856695 47.277
chr12 111856696 112856695 44.109
chr12 112856696 113856695 46.7316
chr12 113856696 114856695 46.822
chr12 114856696 115856695 43.2952
chr12 115856696 116856695 41.7506
chr12 116856696 117856695 46.7293
chr12 117856696 118856695 43.9759
chr12 118856696 119856695 43.2833
chr12 119856696 120856695 45.8375
chr12 120856696 121856695 46.4618
chr12 121856696 122856695 49.2508591191923
chr12 122856696 123856695 46.7546
chr12 123856696 124856695 47.6442800626185
chr12 124856696 125856695 50.9203
chr12 125856696 126856695 41.62
chr12 126856696 127856695 40.6076
chr12 127856696 128856695 42.2236
chr12 128856696 129856695 45.0117
chr12 129856696 130856695 44.0573
chr12 130856696 131856695 48.811
chr12 131856696 132856695 51.7657863011872
chr12 132856696 133841895 51.233556638246
chr13 19020001 20020000 41.4705
chr13 20020001 21020000 42.4157
chr13 21020001 22020000 42.3908
chr13 22020001 23020000 40.7294
chr13 23020001 24020000 39.7705
chr13 24020001 25020000 42.5711
chr13 25020001 26020000 42.0159
chr13 26020001 27020000 40.8154
chr13 27020001 28020000 43.5054
chr13 28020001 29020000 41.9643
chr13 29020001 30020000 41.0232
chr13 30020001 31020000 42.8006
chr13 31020001 32020000 42.9607
chr13 32020001 33020000 39.165
chr13 33020001 34020000 39.8291
chr13 34020001 35020000 38.4117
chr13 35020001 36020000 36.8055
chr13 36020001 37020000 39.2347
chr13 37020001 38020000 38.7309
chr13 38020001 39020000 35.7123
chr13 39020001 40020000 37.8768
chr13 40020001 41020000 40.0189
chr13 41020001 42020000 40.973
chr13 42020001 43020000 38.9318
chr13 43020001 44020000 40.1863
chr13 44020001 45020000 40.1256
chr13 45020001 46020000 41.9165
chr13 46020001 47020000 40.7415
chr13 47020001 48020000 38.6792
chr13 48020001 49020000 39.3766
chr13 49020001 50020000 39.4988
chr13 50020001 51020000 40.8262
chr13 51020001 52020000 40.3808
chr13 52020001 53020000 41.6231
chr13 53020001 54020000 41.0513
chr13 54020001 55020000 35.7686
chr13 55020001 56020000 35.123
chr13 56020001 57020000 34.2406
chr13 57020001 58020000 34.3562
chr13 58020001 59020000 34.4414
chr13 59020001 60020000 36.7788
chr13 60020001 61020000 37.4527
chr13 61020001 62020000 36.8922
chr13 62020001 63020000 34.5842
chr13 63020001 64020000 33.7952
chr13 64020001 65020000 34.5328
chr13 65020001 66020000 34.3731
chr13 66020001 67020000 34.8044
chr13 67020001 68020000 34.8312
chr13 68020001 69020000 34.7135
chr13 69020001 70020000 33.4928
chr13 70020001 71020000 34.5162
chr13 71020001 72020000 34.4117
chr13 72020001 73020000 35.2731
chr13 73020001 74020000 38.515
chr13 74020001 75020000 38.0948
chr13 75020001 76020000 37.6724
chr13 76020001 77020000 37.4348
chr13 77020001 78020000 38.0437
chr13 78020001 79020000 37.268
chr13 79020001 80020000 37.6724
chr13 80020001 81020000 38.4456
chr13 81020001 82020000 35.5795
chr13 82020001 83020000 34.5374
chr13 83020001 84020000 33.9967
chr13 84020001 85020000 34.8251
chr13 85020001 86020000 34.8408
chr13 86020001 87020000 34.5747966188434
chr13 87020001 88020000 34.3454
chr13 88020001 89020000 34.4813
chr13 89020001 90020000 34.2386
chr13 90020001 91020000 34.8956
chr13 91020001 92020000 36.5226
chr13 92020001 93020000 36.0152
chr13 93020001 94020000 36.1909
chr13 94020001 95020000 36.9664
chr13 95020001 96020000 41.1679
chr13 96020001 97020000 39.3461
chr13 97020001 98020000 39.0008
chr13 98020001 99020000 41.6742
chr13 99020001 100020000 43.6508
chr13 100020001 101020000 42.699
chr13 101020001 102020000 41.0473
chr13 102020001 103020000 37.0119
chr13 103020001 104020000 38.898
chr13 104020001 105020000 36.0051
chr13 105020001 106020000 35.8794
chr13 106020001 107020000 37.7427
chr13 107020001 108020000 39.5716
chr13 108020001 109020000 37.2113
chr13 109020001 110020000 38.8269
chr13 110020001 111020000 42.7595
chr13 111020001 112020000 45.7567
chr13 112020001 113020000 48.1944517973424
chr13 113020001 114020000 49.0968
chr13 114020001 115020000 52.0322452219347
chr13 115020001 115109880 43.7145805518469
chr14 19000001 20000000 41.1391
chr14 20000001 21000000 39.1122
chr14 21000001 22000000 43.4586
chr14 22000001 23000000 39.4507
chr14 23000001 24000000 46.5927
chr14 24000001 25000000 46.3543
chr14 25000001 26000000 39.1153
chr14 26000001 27000000 36.6474
chr14 27000001 28000000 34.8758
chr14 28000001 29000000 34.9006
chr14 29000001 30000000 35.7292
chr14 30000001 31000000 37.5355
chr14 31000001 32000000 39.3878
chr14 32000001 33000000 39.0758
chr14 33000001 34000000 37.7191
chr14 34000001 35000000 41.1969
chr14 35000001 36000000 42.2309
chr14 36000001 37000000 38.5656
chr14 37000001 38000000 38.097
chr14 38000001 39000000 37.7016
chr14 39000001 40000000 38.8323
chr14 40000001 41000000 36.2091
chr14 41000001 42000000 34.5295
chr14 42000001 43000000 34.7024
chr14 43000001 44000000 34.1403
chr14 44000001 45000000 35.4696
chr14 45000001 46000000 38.1807
chr14 46000001 47000000 35.5613
chr14 47000001 48000000 34.8675
chr14 48000001 49000000 35.6117
chr14 49000001 50000000 37.462
chr14 50000001 51000000 41.436
chr14 51000001 52000000 40.426
chr14 52000001 53000000 40.0849
chr14 53000001 54000000 39.3854
chr14 54000001 55000000 39.7059
chr14 55000001 56000000 41.8368
chr14 56000001 57000000 40.2222
chr14 57000001 58000000 39.5791
chr14 58000001 59000000 39.417
chr14 59000001 60000000 39.9536
chr14 60000001 61000000 38.2383
chr14 61000001 62000000 40.307
chr14 62000001 63000000 39.0215
chr14 63000001 64000000 38.1909
chr14 64000001 65000000 41.6301
chr14 65000001 66000000 44.5766
chr14 66000001 67000000 40.2806
chr14 67000001 68000000 38.607
chr14 68000001 69000000 40.6484
chr14 69000001 70000000 45.7741
chr14 70000001 71000000 43.2951
chr14 71000001 72000000 41.1788
chr14 72000001 73000000 41.0905
chr14 73000001 74000000 44.8918
chr14 74000001 75000000 45.7159
chr14 75000001 76000000 45.3083
chr14 76000001 77000000 43.8956
chr14 77000001 78000000 47.3513
chr14 78000001 79000000 43.4618
chr14 79000001 80000000 38.7596
chr14 80000001 81000000 37.9528
chr14 81000001 82000000 38.5671
chr14 82000001 83000000 37.8252
chr14 83000001 84000000 35.2836
chr14 84000001 85000000 35.6713
chr14 85000001 86000000 36.6491
chr14 86000001 87000000 36.522
chr14 87000001 88000000 36.8638
chr14 88000001 89000000 40.3388
chr14 89000001 90000000 42.1293
chr14 90000001 91000000 43.4297
chr14 91000001 92000000 45.4024
chr14 92000001 93000000 43.0884
chr14 93000001 94000000 45.6949
chr14 94000001 95000000 45.0877
chr14 95000001 96000000 46.5472
chr14 96000001 97000000 44.6111
chr14 97000001 98000000 43.1066
chr14 98000001 99000000 41.3309
chr14 99000001 100000000 45.4699
chr14 100000001 101000000 48.648
chr14 101000001 102000000 48.6186
chr14 102000001 103000000 47.1185
chr14 103000001 104000000 48.4049
chr14 104000001 105000000 50.8982
chr14 105000001 106000000 56.9804
chr14 106000001 107000000 46.9431
chr14 107000001 107289540 41.4512675278027
chr15 20000001 21000000 42.4963175830589
chr15 21000001 22000000 41.7031742633607
chr15 22000001 23000000 42.1335779602449
chr15 23000001 24000000 42.7596870542787
chr15 24000001 25000000 39.1897
chr15 25000001 26000000 42.1652
chr15 26000001 27000000 41.951
chr15 27000001 28000000 41.05565
chr15 28000001 29000000 43.4967
chr15 29000001 30000000 44.8623780927469
chr15 30000001 31000000 42.1546
chr15 31000001 32000000 44.7939
chr15 32000001 33000000 42.2835
chr15 33000001 34000000 40.4717
chr15 34000001 35000000 41.5389
chr15 35000001 36000000 38.1869
chr15 36000001 37000000 36.7745
chr15 37000001 38000000 37.2686
chr15 38000001 39000000 38.9452
chr15 39000001 40000000 39.662
chr15 40000001 41000000 45.1282
chr15 41000001 42000000 46.5196
chr15 42000001 43000000 45.1518
chr15 43000001 44000000 42.9397
chr15 44000001 45000000 41.9047
chr15 45000001 46000000 43.5523
chr15 46000001 47000000 38.2118
chr15 47000001 48000000 37.2232
chr15 48000001 49000000 39.4542
chr15 49000001 50000000 37.6838
chr15 50000001 51000000 39.6125
chr15 51000001 52000000 41.0205
chr15 52000001 53000000 41.5922
chr15 53000001 54000000 39.4322
chr15 54000001 55000000 36.6145
chr15 55000001 56000000 39.5402
chr15 56000001 57000000 38.2243
chr15 57000001 58000000 40.3583
chr15 58000001 59000000 41.0557
chr15 59000001 60000000 41.5608
chr15 60000001 61000000 40.639
chr15 61000001 62000000 41.0866
chr15 62000001 63000000 41.0896
chr15 63000001 64000000 43.2935
chr15 64000001 65000000 43.0036
chr15 65000001 66000000 46.4518
chr15 66000001 67000000 45.7998
chr15 67000001 68000000 43.3747
chr15 68000001 69000000 44.6872
chr15 69000001 70000000 44.1036
chr15 70000001 71000000 46.6966
chr15 71000001 72000000 41.3494
chr15 72000001 73000000 42.1553
chr15 73000001 74000000 42.1465
chr15 74000001 75000000 49.9761
chr15 75000001 76000000 49.3006
chr15 76000001 77000000 41.8281
chr15 77000001 78000000 42.8421
chr15 78000001 79000000 48.2637
chr15 79000001 80000000 45.0298
chr15 80000001 81000000 43.2089
chr15 81000001 82000000 42.2145
chr15 82000001 83000000 43.8107368421053
chr15 83000001 84000000 43.5894
chr15 84000001 85034475 41.6520564155696
chr15 85034476 86034475 44.5344
chr15 86034476 87034475 41.7722
chr15 87034476 88034475 38.2081
chr15 88034476 89034475 43.7418
chr15 89034476 90034475 46.6375
chr15 90034476 91034475 46.5669
chr15 91034476 92034475 44.0793
chr15 92034476 93034475 43.1754
chr15 93034476 94034475 44.3405
chr15 94034476 95034475 38.922
chr15 95034476 96034475 38.5336
chr15 96034476 97034475 39.6273
chr15 97034476 98034475 38.1995
chr15 98034476 99034475 40.7901
chr15 99034476 100034475 43.9448
chr15 100034476 101034475 42.6775
chr15 101034476 102034475 46.1909
chr15 102034476 102521395 42.7464470549577
chr16 60001 1060000 57.3849
chr16 1060001 2060000 57.7929
chr16 2060001 3060000 55.0235
chr16 3060001 4060000 48.7768
chr16 4060001 5060000 51.5621
chr16 5060001 6060000 45.604
chr16 6060001 7060000 41.2882
chr16 7060001 8060000 41.1352
chr16 8060001 9060000 44.2805564181241
chr16 9060001 10060000 43.4641
chr16 10060001 11060000 45.2148
chr16 11060001 12060000 48.3202
chr16 12060001 13060000 46.0659
chr16 13060001 14060000 41.9639
chr16 14060001 15060000 44.5817
chr16 15060001 16060000 46.1412
chr16 16060001 17060000 45.9781
chr16 17060001 18060000 43.464
chr16 18060001 19060000 44.808
chr16 19060001 20060000 44.6999
chr16 20060001 21060000 42.7398
chr16 21060001 22060000 43.9564
chr16 22060001 23060000 44.1519
chr16 23060001 24060000 45.1856
chr16 24060001 25060000 43.7397
chr16 25060001 26060000 42.4401
chr16 26060001 27060000 41.8791
chr16 27060001 28060000 47.8573
chr16 28060001 29060000 49.3164
chr16 29060001 30060000 49.3425
chr16 30060001 31060000 50.4701
chr16 31060001 32060000 45.5679
chr16 32060001 33060000 41.3794
chr16 33060001 34173155 42.4836085572935
chr16 34173156 35173155 41.0451
chr16 35173156 46385805 36.8783010075008
chr16 46385806 47385805 41.2414
chr16 47385806 48385805 41.1223
chr16 48385806 49385805 43.3394
chr16 49385806 50385805 47.6937
chr16 50385806 51385805 45.5114
chr16 51385806 52385805 39.8304
chr16 52385806 53385805 39.9128
chr16 53385806 54385805 41.6948
chr16 54385806 55385805 43.4827
chr16 55385806 56385805 43.6231
chr16 56385806 57385805 46.2471
chr16 57385806 58385805 48.9706
chr16 58385806 59385805 41.7007
chr16 59385806 60385805 37.0145
chr16 60385806 61385805 36.0445
chr16 61385806 62385805 36.648
chr16 62385806 63385805 36.5945
chr16 63385806 64385805 36.2999
chr16 64385806 65385805 38.1087
chr16 65385806 66385805 43.2267
chr16 66385806 67385805 48.383
chr16 67385806 68385805 49.3645
chr16 68385806 69385805 46.245
chr16 69385806 70385805 44.7049
chr16 70385806 71385805 45.3587
chr16 71385806 72385805 43.6244
chr16 72385806 73385805 41.783
chr16 73385806 74385805 41.0664
chr16 74385806 75385805 46.1875
chr16 75385806 76385805 39.9683
chr16 76385806 77385805 37.795
chr16 77385806 78385805 42.3353
chr16 78385806 79385805 42.9811
chr16 79385806 80385805 41.8412
chr16 80385806 81385805 43.1608
chr16 81385806 82385805 45.9457
chr16 82385806 83385805 41.8665
chr16 83385806 84385805 46.5267
chr16 84385806 85385805 50.6723
chr16 85385806 86385805 51.6883
chr16 86385806 87385805 49.016
chr16 87385806 88385805 52.3734
chr16 88385806 89385805 58.4879905895232
chr16 89385806 90294755 51.6687017987788
chr17 1 1000000 50.7545513636035
chr17 1000001 2000000 51.9443
chr17 2000001 3000000 47.9146
chr17 3000001 4000000 46.941
chr17 4000001 5000000 49.5677
chr17 5000001 6000000 45.4855
chr17 6000001 7000000 46.4312
chr17 7000001 8000000 51.161
chr17 8000001 9000000 46.8821
chr17 9000001 10000000 45.9389
chr17 10000001 11000000 43.3697
chr17 11000001 12000000 42.4772
chr17 12000001 13000000 41.2065
chr17 13000001 14000000 39.9575
chr17 14000001 15000000 40.5825
chr17 15000001 16000000 43.4429
chr17 16000001 17000000 45.4092
chr17 17000001 18000000 51.0887
chr17 18000001 19000000 48.3798
chr17 19000001 20000000 46.6457
chr17 20000001 21000000 43.7739
chr17 21000001 22000000 45.7532085932856
chr17 22000001 25263010 38.3629260688554
chr17 25263011 26263010 44.8201
chr17 26263011 27263010 46.4183
chr17 27263011 28263010 45.2697
chr17 28263011 29263010 42.6139
chr17 29263011 30263010 44.106
chr17 30263011 31263010 42.9727
chr17 31263011 32263010 44.689
chr17 32263011 33263010 45.5744
chr17 33263011 34263010 43.228
chr17 34263011 35263010 47.216084652186
chr17 35263011 36263010 42.805
chr17 36263011 37263010 49.2779
chr17 37263011 38263010 48.2792
chr17 38263011 39263010 44.451
chr17 39263011 40263010 48.2495
chr17 40263011 41263010 48.2451
chr17 41263011 42263010 48.7665
chr17 42263011 43263010 49.4607
chr17 43263011 44263010 47.9411
chr17 44263011 45263010 43.5689
chr17 45263011 46263010 45.838
chr17 46263011 47263010 44.9739
chr17 47263011 48263010 49.147
chr17 48263011 49263010 48.0478
chr17 49263011 50263010 40.7009
chr17 50263011 51263010 36.5638
chr17 51263011 52263010 35.9433
chr17 52263011 53263010 37.5248
chr17 53263011 54263010 40.8047
chr17 54263011 55263010 42.8243
chr17 55263011 56263010 46.2038
chr17 56263011 57263010 43.3102
chr17 57263011 58263010 43.1505
chr17 58263011 59263010 39.5548
chr17 59263011 60263010 41.491
chr17 60263011 61263010 42.2513
chr17 61263011 62263010 45.8841
chr17 62263011 63263010 44.3432631578947
chr17 63263011 64263010 41.2237
chr17 64263011 65263010 44.4195
chr17 65263011 66263010 44.3299
chr17 66263011 67263010 40.4136
chr17 67263011 68263010 38.6125
chr17 68263011 69263010 37.0326
chr17 69263011 70263010 39.8034
chr17 70263011 71263010 46.5098
chr17 71263011 72263010 50.2225
chr17 72263011 73263010 51.3225
chr17 73263011 74263010 51.2361
chr17 74263011 75263010 50.04
chr17 75263011 76263010 50.537
chr17 76263011 77263010 52.1366
chr17 77263011 78263010 53.5159551791833
chr17 78263011 79263010 52.959
chr17 79263011 80263010 57.2392513723612
chr17 80263011 81195210 52.9230851748552
chr18 10001 1010000 42.3024
chr18 1010001 2010000 36.5162
chr18 2010001 3010000 39.1154
chr18 3010001 4010000 41.6212
chr18 4010001 5010000 37.6253
chr18 5010001 6010000 39.8488
chr18 6010001 7010000 39.9364
chr18 7010001 8010000 41.7647
chr18 8010001 9010000 42.649
chr18 9010001 10010000 41.1006
chr18 10010001 11010000 42.6223
chr18 11010001 12010000 42.4634
chr18 12010001 13010000 43.647
chr18 13010001 14010000 43.8458
chr18 14010001 15010000 40.9912
chr18 15010001 18510900 36.7406654943191
chr18 18510901 19510900 40.024
chr18 19510901 20510900 41.198
chr18 20510901 21510900 43.7778
chr18 21510901 22510900 41.4576
chr18 22510901 23510900 39.208
chr18 23510901 24510900 40.0525
chr18 24510901 25510900 37.6324
chr18 25510901 26510900 36.4654
chr18 26510901 27510900 34.6114
chr18 27510901 28510900 35.1126
chr18 28510901 29510900 38.1951
chr18 29510901 30510900 39.8979
chr18 30510901 31510900 35.5081
chr18 31510901 32510900 36.6713
chr18 32510901 33510900 40.3426
chr18 33510901 34510900 41.6241
chr18 34510901 35510900 44.1684
chr18 35510901 36510900 37.3793
chr18 36510901 37510900 36.8052
chr18 37510901 38510900 35.7975
chr18 38510901 39510900 36.8859
chr18 39510901 40510900 37.0696
chr18 40510901 41510900 36.0868
chr18 41510901 42510900 38.347
chr18 42510901 43510900 42.1065
chr18 43510901 44510900 44.3406
chr18 44510901 45510900 42.7054
chr18 45510901 46510900 47.9857
chr18 46510901 47510900 42.5801
chr18 47510901 48510900 43.1104
chr18 48510901 49510900 40.5156
chr18 49510901 50510900 37.618
chr18 50510901 51510900 36.7395
chr18 51510901 52510900 38.155334380386
chr18 52510901 53510900 38.45
chr18 53510901 54510900 38.6069
chr18 54510901 55510900 42.1133
chr18 55510901 56510900 43.4043
chr18 56510901 57510900 42.7988
chr18 57510901 58510900 37.0267
chr18 58510901 59510900 38.6101
chr18 59510901 60510900 40.243
chr18 60510901 61510900 40.7583
chr18 61510901 62510900 37.4729
chr18 62510901 63510900 34.6474
chr18 63510901 64510900 34.5399
chr18 64510901 65510900 35.079
chr18 65510901 66510900 35.3694
chr18 66510901 67510900 35.4277
chr18 67510901 68510900 38.9823
chr18 68510901 69510900 35.8422
chr18 69510901 70510900 36.0993
chr18 70510901 71510900 37.043
chr18 71510901 72510900 42.087848485008
chr18 72510901 73510900 41.7974
chr18 73510901 74510900 43.176
chr18 74510901 75510900 42.8929
chr18 75510901 76510900 43.8521052631579
chr18 76510901 77510900 48.3736
chr18 77510901 78017250 48.5989592179323
chr20 60001 1060000 46.2548
chr20 1060001 2060000 44.6215
chr20 2060001 3060000 45.4436
chr20 3060001 4060000 46.6272
chr20 4060001 5060000 44.4893
chr20 5060001 6060000 43.1504
chr20 6060001 7060000 38.9076
chr20 7060001 8060000 37.0304
chr20 8060001 9060000 38.423
chr20 9060001 10060000 39.0156
chr20 10060001 11060000 40.3056
chr20 11060001 12060000 38.7672
chr20 12060001 13060000 38.5156
chr20 13060001 14060000 39.7038
chr20 14060001 15060000 37.3475
chr20 15060001 16060000 38.5693
chr20 16060001 17060000 40.7138
chr20 17060001 18060000 44.2497
chr20 18060001 19060000 42.3454
chr20 19060001 20060000 43.1895
chr20 20060001 21060000 41.9133
chr20 21060001 22060000 41.2599
chr20 22060001 23060000 41.7795
chr20 23060001 24060000 44.8852
chr20 24060001 25060000 45.6438
chr20 25060001 26060000 44.9809
chr20 26060001 29419570 38.070403544255
chr20 29419571 30419570 43.6870565467262
chr20 30419571 31419570 48.8055
chr20 31419571 32419570 47.7391
chr20 32419571 33419570 44.7603
chr20 33419571 34419570 46.0581
chr20 34419571 35419570 47.9574736842105
chr20 35419571 36419570 46.764
chr20 36419571 37419570 46.3495
chr20 37419571 38419570 42.7035
chr20 38419571 39419570 41.2643
chr20 39419571 40419570 43.8223
chr20 40419571 41419570 42.062
chr20 41419571 42419570 44.9405
chr20 42419571 43419570 46.7727
chr20 43419571 44419570 42.985
chr20 44419571 45419570 47.7854
chr20 45419571 46419570 45.5267
chr20 46419571 47419570 48.2673
chr20 47419571 48419570 45.7482
chr20 48419571 49419570 48.9596
chr20 49419571 50419570 46.9022
chr20 50419571 51419570 41.9795
chr20 51419571 52419570 42.4704
chr20 52419571 53419570 40.3284
chr20 53419571 54419570 37.7277
chr20 54419571 55419570 43.8916
chr20 55419571 56419570 49.0871
chr20 56419571 57419570 46.7045
chr20 57419571 58419570 46.1725
chr20 58419571 59419570 42.17
chr20 59419571 60419570 48.8055
chr20 60419571 61419570 56.5983061299319
chr20 61419571 62419570 57.0033
chr20 62419571 62965520 54.0712519461489
chrY 10001 1047560 48.6280596005971
chrY 1047561 2068240 48.5969541573111
chrY 2068241 3068240 42.8891
chrY 3068241 4068240 35.8237
chrY 4068241 5068240 36.1269
chrY 5068241 6068240 36.036
chrY 6068241 7068240 40.2516
chrY 7068241 8068240 40.6064
chrY 8068241 9068240 40.9931578947368
chrY 9068241 10068240 42.0911642570302
chrY 10068241 13104555 37.5169741189427
chrY 13104556 14104555 41.2872540305108
chrY 14104556 15104555 40.6593
chrY 15104556 16104555 38.809
chrY 16104556 17104555 38.618
chrY 17104556 18104555 38.9056
chrY 18104556 19104555 37.6117
chrY 19104556 20104555 38.9989
chrY 20104556 21104555 38.7492631578947
chrY 21104556 22104555 38.8772
chrY 22104556 23104555 39.4665817548329
chrY 23104556 24104555 39.960807048384
chrY 24104556 25104555 39.7813
chrY 25104556 26104555 38.2506
chrY 26104556 27104555 40.135
chrY 27104556 28104555 39.8176
chrY 28104556 58819365 38.9973979281352
chrY 58819366 59363570 40.431446146375
chr19 60001 1060000 54.9973
chr19 1060001 2060000 58.9042
chr19 2060001 3060000 54.4305
chr19 3060001 4060000 55.7199
chr19 4060001 5060000 54.0433
chr19 5060001 6060000 52.6164
chr19 6060001 7060000 48.6521
chr19 7060001 8060000 51.3852295514234
chr19 8060001 9060000 49.920965152815
chr19 9060001 10060000 45.2702
chr19 10060001 11060000 52.3312
chr19 11060001 12060000 49.3985
chr19 12060001 13060000 47.2383
chr19 13060001 14060000 50.4612
chr19 14060001 15060000 49.5258
chr19 15060001 16060000 48.083
chr19 16060001 17060000 50.366
chr19 17060001 18060000 52.3754
chr19 18060001 19060000 54.7871
chr19 19060001 20060000 49.7598
chr19 20060001 21060000 40.5843157894737
chr19 21060001 22060000 41.1778
chr19 22060001 23060000 41.078
chr19 23060001 24060000 41.3338
chr19 24060001 27731785 39.8721847181658
chr19 27731786 28731785 40.0112
chr19 28731786 29731785 43.6783
chr19 29731786 30731785 47.5304
chr19 30731786 31731785 44.5031
chr19 31731786 32731785 43.7802
chr19 32731786 33731785 45.9133
chr19 33731786 34731785 47.9323
chr19 34731786 35731785 46.2136
chr19 35731786 36731785 51.2383
chr19 36731786 37731785 42.9105
chr19 37731786 38731785 45.5925
chr19 38731786 39731785 51.6304
chr19 39731786 40731785 46.4243
chr19 40731786 41731785 49.8751
chr19 41731786 42731785 49.6919
chr19 42731786 43731785 45.7927
chr19 43731786 44731785 44.9755
chr19 44731786 45731785 48.5728
chr19 45731786 46731785 50.6337
chr19 46731786 47731785 49.6183
chr19 47731786 48731785 49.8943
chr19 48731786 49731785 52.6042
chr19 49731786 50731785 51.5797
chr19 50731786 51731785 51.4579
chr19 51731786 52731785 45.1037
chr19 52731786 53731785 44.766
chr19 53731786 54731785 47.9628
chr19 54731786 55731785 49.0817
chr19 55731786 56731785 50.6107
chr19 56731786 57731785 43.7975
chr19 57731786 58731785 45.6803
chr19 58731786 59118985 50.9782192665289
chr22 16050001 17050000 41.7050588235294
chr22 17050001 18050000 43.7816
chr22 18050001 19050000 48.1435
chr22 19050001 20050000 50.5751585
chr22 20050001 21050000 52.1452103043872
chr22 21050001 22050000 50.1716
chr22 22050001 23050000 45.9572
chr22 23050001 24050000 49.3392
chr22 24050001 25050000 49.6815
chr22 25050001 26050000 46.5358
chr22 26050001 27050000 45.1763
chr22 27050001 28050000 46.5194
chr22 28050001 29050000 41.7529
chr22 29050001 30050000 47.0502
chr22 30050001 31050000 47.8705
chr22 31050001 32050000 47.341
chr22 32050001 33050000 45.2139
chr22 33050001 34050000 44.1697
chr22 34050001 35050000 41.9477
chr22 35050001 36050000 46.3083
chr22 36050001 37050000 45.6981
chr22 37050001 38050000 52.2619
chr22 38050001 39050000 50.9998
chr22 39050001 40050000 51.9494
chr22 40050001 41050000 44.2554
chr22 41050001 42050000 47.766
chr22 42050001 43050000 50.2967
chr22 43050001 44050000 50.7912
chr22 44050001 45050000 49.4706
chr22 45050001 46050000 50.3035
chr22 46050001 47050000 51.469
chr22 47050001 48050000 48.876
chr22 48050001 49050000 48.1475
chr22 49050001 50050000 50.4358
chr22 50050001 51050000 54.8707991010574
chr22 51050001 51244570 50.1603536002467
chr21 9411191 10411190 39.9967614979679
chr21 10411191 14338130 38.8185569846619
chr21 14338131 15338130 38.9497
chr21 15338131 16338130 37.8792
chr21 16338131 17338130 37.297
chr21 17338131 18338130 35.5883
chr21 18338131 19338130 39.1157
chr21 19338131 20338130 35.7342
chr21 20338131 21338130 34.792
chr21 21338131 22338130 35.3704
chr21 22338131 23338130 34.7024
chr21 23338131 24338130 34.9654
chr21 24338131 25338130 35.0903
chr21 25338131 26338130 35.0804
chr21 26338131 27338130 38.11
chr21 27338131 28338130 38.5456
chr21 28338131 29338130 36.2702
chr21 29338131 30338130 37.3945
chr21 30338131 31338130 39.2925
chr21 31338131 32338130 36.8597
chr21 32338131 33338130 43.380834520863
chr21 33338131 34338130 43.435
chr21 34338131 35338130 43.7532
chr21 35338131 36338130 43.8545
chr21 36338131 37338130 41.0737
chr21 37338131 38338130 45.7616
chr21 38338131 39338130 42.3879
chr21 39338131 40338130 42.3935369676848
chr21 40338131 41338130 43.144
chr21 41338131 42338130 41.1988
chr21 42338131 43338130 46.9610712910661
chr21 43338131 44338130 49.6539232696163
chr21 44338131 45338130 51.2472960384002
chr21 45338131 46338130 52.6293
chr21 46338131 47338130 51.2867
chr21 47338131 48119895 49.9960985718215
